MKP2 Results:
BPSO1 Results:
121963 127177 128092 128762 128762 128762 128762 130233 130233 130233 130233 130233 130233 130233 130233 130233 130233 130883 130883 130883 130883 130883 130883 130883 130883 130883 130883 130883 130883 130883 130883 130883 130883 130883 130883 130883 130883 130883 130883 130883
122968 129613 130773 130773 130773 130883 130883 130883 130883 130883 130883 130883 130883 130883 130883 130883 130883 130883 130883 130883 130883 130883 130883 130883 130883 130883 130883 130883 130883 130883 130883 130883 130883 130883 130883 130883 130883 130883 130883 130883
126623 127553 129173 129173 129173 130123 130723 130723 130723 130723 130723 130723 130723 130723 130723 130723 130883 130883 130883 130883 130883 130883 130883 130883 130883 130883 130883 130883 130883 130883 130883 130883 130883 130883 130883 130883 130883 130883 130883 130883
127371 129172 129172 129172 129172 130723 130723 130723 130723 130723 130723 130723 130723 130723 130723 130723 130723 130723 130723 130723 130723 130723 130723 130723 130723 130723 130723 130723 130723 130723 130723 130723 130723 130723 130723 130723 130723 130723 130723 130723
123557 127932 128502 128502 128502 129172 130453 130712 130712 130712 130712 130712 130712 130712 130712 130712 130712 130712 130712 130712 130712 130712 130712 130712 130712 130712 130712 130712 130712 130712 130712 130712 130712 130712 130712 130712 130712 130712 130712 130712
127136 129073 129073 129298 129788 129788 130053 130233 130233 130602 130602 130602 130602 130602 130602 130602 130602 130602 130602 130602 130602 130602 130602 130602 130602 130602 130602 130602 130602 130602 130602 130602 130602 130602 130602 130602 130602 130602 130602 130602
130453 130453 130602 130712 130712 130712 130712 130712 130712 130712 130712 130712 130712 130712 130712 130712 130712 130712 130712 130712 130712 130712 130712 130712 130712 130712 130712 130712 130712 130712 130712 130712 130712 130712 130712 130712 130712 130712 130712 130712
119559 128427 129767 129778 129798 129798 129798 130053 130773 130773 130773 130773 130773 130883 130883 130883 130883 130883 130883 130883 130883 130883 130883 130883 130883 130883 130883 130883 130883 130883 130883 130883 130883 130883 130883 130883 130883 130883 130883 130883
122650 127440 127930 129273 129383 129383 130202 130202 130202 130202 130202 130202 130233 130233 130233 130233 130233 130233 130233 130233 130233 130233 130233 130233 130233 130233 130233 130883 130883 130883 130883 130883 130883 130883 130883 130883 130883 130883 130883 130883
126922 128532 130213 130723 130723 130773 130773 130773 130773 130773 130773 130773 130773 130773 130773 130773 130773 130773 130773 130773 130773 130773 130773 130773 130773 130773 130773 130773 130773 130773 130773 130773 130773 130773 130773 130773 130773 130773 130773 130773
127513 128338 128338 130213 130213 130213 130233 130883 130883 130883 130883 130883 130883 130883 130883 130883 130883 130883 130883 130883 130883 130883 130883 130883 130883 130883 130883 130883 130883 130883 130883 130883 130883 130883 130883 130883 130883 130883 130883 130883
126278 126871 128093 130013 130013 130013 130013 130013 130013 130013 130013 130013 130013 130013 130013 130013 130013 130013 130013 130013 130013 130602 130602 130602 130602 130602 130602 130602 130602 130602 130602 130602 130602 130712 130712 130712 130712 130712 130712 130712
125713 128663 128663 129173 130202 130712 130712 130712 130712 130712 130712 130712 130712 130712 130712 130712 130712 130712 130712 130712 130712 130712 130712 130712 130712 130723 130723 130723 130723 130723 130723 130723 130723 130723 130723 130723 130723 130723 130723 130723
127552 128463 128463 128463 128623 128623 128623 128623 128623 128623 128773 128773 128773 128773 128773 128773 128773 130013 130013 130013 130013 130013 130013 130013 130013 130013 130013 130013 130013 130013 130013 130013 130013 130013 130013 130013 130013 130013 130013 130013
125993 127642 129073 129073 129073 130773 130773 130773 130773 130773 130773 130773 130773 130773 130883 130883 130883 130883 130883 130883 130883 130883 130883 130883 130883 130883 130883 130883 130883 130883 130883 130883 130883 130883 130883 130883 130883 130883 130883 130883
118690 129288 129288 129728 129778 129778 129778 129798 129798 129798 129798 129798 129798 129798 129798 129798 129798 129798 129798 129798 129798 129798 129798 129798 129798 129798 129798 129798 129798 129798 129798 129798 129798 129798 129798 129798 129798 129798 129798 129798
128258 129023 129023 129023 129023 129023 129023 129023 129073 129073 129073 129073 129073 129073 129073 130613 130613 130613 130613 130613 130613 130613 130613 130613 130613 130613 130613 130613 130613 130613 130613 130613 130613 130613 130613 130613 130613 130613 130613 130613
121450 130773 130773 130773 130773 130773 130773 130773 130773 130773 130773 130773 130883 130883 130883 130883 130883 130883 130883 130883 130883 130883 130883 130883 130883 130883 130883 130883 130883 130883 130883 130883 130883 130883 130883 130883 130883 130883 130883 130883
125562 129272 130712 130712 130712 130712 130712 130712 130712 130712 130712 130712 130712 130712 130712 130712 130712 130712 130712 130712 130712 130712 130712 130712 130712 130712 130712 130712 130712 130712 130712 130712 130712 130712 130712 130712 130712 130712 130712 130712
129788 130213 130233 130712 130773 130773 130773 130773 130883 130883 130883 130883 130883 130883 130883 130883 130883 130883 130883 130883 130883 130883 130883 130883 130883 130883 130883 130883 130883 130883 130883 130883 130883 130883 130883 130883 130883 130883 130883 130883
119221 127782 130883 130883 130883 130883 130883 130883 130883 130883 130883 130883 130883 130883 130883 130883 130883 130883 130883 130883 130883 130883 130883 130883 130883 130883 130883 130883 130883 130883 130883 130883 130883 130883 130883 130883 130883 130883 130883 130883
127832 128232 130453 130453 130712 130712 130712 130712 130712 130712 130712 130712 130712 130712 130712 130712 130712 130712 130712 130712 130712 130712 130712 130712 130712 130712 130712 130712 130712 130712 130712 130712 130712 130712 130712 130712 130712 130712 130712 130712
122449 130773 130773 130883 130883 130883 130883 130883 130883 130883 130883 130883 130883 130883 130883 130883 130883 130883 130883 130883 130883 130883 130883 130883 130883 130883 130883 130883 130883 130883 130883 130883 130883 130883 130883 130883 130883 130883 130883 130883
126227 126997 127142 127212 128162 128162 128162 128162 128162 128173 128173 128173 128173 128173 128173 128173 128173 128173 128793 128793 128793 129283 129283 129333 129333 129333 129333 129333 129333 129333 129333 129333 129333 129333 129333 129333 129333 129333 129372 129372
127712 127712 130013 130013 130013 130013 130013 130013 130013 130013 130013 130013 130013 130013 130013 130013 130013 130013 130013 130013 130013 130013 130013 130013 130013 130013 130013 130013 130013 130013 130013 130013 130013 130013 130013 130013 130013 130013 130013 130013
127531 129678 130613 130613 130613 130773 130773 130773 130773 130883 130883 130883 130883 130883 130883 130883 130883 130883 130883 130883 130883 130883 130883 130883 130883 130883 130883 130883 130883 130883 130883 130883 130883 130883 130883 130883 130883 130883 130883 130883
129173 129173 130773 130773 130883 130883 130883 130883 130883 130883 130883 130883 130883 130883 130883 130883 130883 130883 130883 130883 130883 130883 130883 130883 130883 130883 130883 130883 130883 130883 130883 130883 130883 130883 130883 130883 130883 130883 130883 130883
122669 128067 128067 128392 129808 129808 129808 129808 129808 129808 129808 129808 129808 129808 129808 129808 130233 130233 130233 130773 130773 130773 130773 130773 130773 130773 130773 130773 130773 130773 130773 130773 130773 130773 130773 130773 130773 130773 130773 130773
125982 127652 130123 130123 130883 130883 130883 130883 130883 130883 130883 130883 130883 130883 130883 130883 130883 130883 130883 130883 130883 130883 130883 130883 130883 130883 130883 130883 130883 130883 130883 130883 130883 130883 130883 130883 130883 130883 130883 130883
127013 128093 129172 129172 129183 130453 130453 130453 130602 130602 130602 130602 130602 130602 130602 130602 130602 130602 130602 130602 130602 130602 130602 130602 130602 130602 130602 130602 130602 130602 130602 130773 130773 130773 130773 130773 130773 130773 130773 130773

GA1 Results:
126392 128662 130202 130202 130883 130883 130883 130883 130883 130883 130883 130883 130883 130883 130883 130883 130883 130883 130883 130883 130883 130883 130883 130883 130883 130883 130883 130883 130883 130883 130883 130883 130883 130883 130883 130883 130883 130883 130883 130883
124840 129183 129728 130613 130723 130723 130723 130723 130723 130723 130723 130723 130723 130723 130723 130723 130723 130723 130723 130723 130723 130883 130883 130883 130883 130883 130883 130883 130883 130883 130883 130883 130883 130883 130883 130883 130883 130883 130883 130883
118553 123520 128811 128921 130613 130613 130613 130723 130723 130723 130723 130723 130723 130723 130723 130723 130723 130723 130723 130723 130723 130723 130723 130723 130723 130723 130723 130723 130723 130723 130723 130723 130723 130723 130723 130723 130723 130723 130723 130723
119985 130453 130563 130563 130723 130723 130723 130723 130883 130883 130883 130883 130883 130883 130883 130883 130883 130883 130883 130883 130883 130883 130883 130883 130883 130883 130883 130883 130883 130883 130883 130883 130883 130883 130883 130883 130883 130883 130883 130883
127123 129618 129778 130103 130773 130773 130883 130883 130883 130883 130883 130883 130883 130883 130883 130883 130883 130883 130883 130883 130883 130883 130883 130883 130883 130883 130883 130883 130883 130883 130883 130883 130883 130883 130883 130883 130883 130883 130883 130883
120278 123410 124680 130773 130883 130883 130883 130883 130883 130883 130883 130883 130883 130883 130883 130883 130883 130883 130883 130883 130883 130883 130883 130883 130883 130883 130883 130883 130883 130883 130883 130883 130883 130883 130883 130883 130883 130883 130883 130883
124045 130563 130563 130563 130723 130723 130723 130723 130723 130723 130723 130723 130723 130723 130723 130723 130883 130883 130883 130883 130883 130883 130883 130883 130883 130883 130883 130883 130883 130883 130883 130883 130883 130883 130883 130883 130883 130883 130883 130883
120584 128012 129023 130013 130202 130712 130773 130883 130883 130883 130883 130883 130883 130883 130883 130883 130883 130883 130883 130883 130883 130883 130883 130883 130883 130883 130883 130883 130883 130883 130883 130883 130883 130883 130883 130883 130883 130883 130883 130883
127367 130773 130773 130883 130883 130883 130883 130883 130883 130883 130883 130883 130883 130883 130883 130883 130883 130883 130883 130883 130883 130883 130883 130883 130883 130883 130883 130883 130883 130883 130883 130883 130883 130883 130883 130883 130883 130883 130883 130883
124777 130602 130773 130883 130883 130883 130883 130883 130883 130883 130883 130883 130883 130883 130883 130883 130883 130883 130883 130883 130883 130883 130883 130883 130883 130883 130883 130883 130883 130883 130883 130883 130883 130883 130883 130883 130883 130883 130883 130883
128893 129678 130103 130233 130723 130723 130723 130723 130723 130723 130723 130883 130883 130883 130883 130883 130883 130883 130883 130883 130883 130883 130883 130883 130883 130883 130883 130883 130883 130883 130883 130883 130883 130883 130883 130883 130883 130883 130883 130883
123094 127207 130773 130883 130883 130883 130883 130883 130883 130883 130883 130883 130883 130883 130883 130883 130883 130883 130883 130883 130883 130883 130883 130883 130883 130883 130883 130883 130883 130883 130883 130883 130883 130883 130883 130883 130883 130883 130883 130883
121020 125898 127563 129193 130163 130613 130723 130723 130723 130723 130723 130723 130723 130723 130723 130723 130723 130723 130723 130723 130723 130723 130723 130723 130723 130723 130723 130723 130723 130723 130723 130723 130723 130723 130723 130723 130723 130723 130723 130723
121305 130453 130453 130453 130453 130883 130883 130883 130883 130883 130883 130883 130883 130883 130883 130883 130883 130883 130883 130883 130883 130883 130883 130883 130883 130883 130883 130883 130883 130883 130883 130883 130883 130883 130883 130883 130883 130883 130883 130883
119800 122894 123135 123509 124158 124570 126798 127026 129303 129808 130883 130883 130883 130883 130883 130883 130883 130883 130883 130883 130883 130883 130883 130883 130883 130883 130883 130883 130883 130883 130883 130883 130883 130883 130883 130883 130883 130883 130883 130883
125751 129173 130013 130453 130453 130563 130613 130723 130883 130883 130883 130883 130883 130883 130883 130883 130883 130883 130883 130883 130883 130883 130883 130883 130883 130883 130883 130883 130883 130883 130883 130883 130883 130883 130883 130883 130883 130883 130883 130883
121992 122644 128053 128053 130103 130103 130613 130723 130723 130883 130883 130883 130883 130883 130883 130883 130883 130883 130883 130883 130883 130883 130883 130883 130883 130883 130883 130883 130883 130883 130883 130883 130883 130883 130883 130883 130883 130883 130883 130883
126293 129293 129293 130563 130723 130883 130883 130883 130883 130883 130883 130883 130883 130883 130883 130883 130883 130883 130883 130883 130883 130883 130883 130883 130883 130883 130883 130883 130883 130883 130883 130883 130883 130883 130883 130883 130883 130883 130883 130883
122214 124430 124430 124430 124430 124430 124430 124430 124430 124430 124430 124430 124430 126783 126783 129172 129808 129808 129808 130233 130723 130723 130723 130723 130723 130723 130723 130723 130723 130723 130723 130723 130723 130723 130723 130723 130723 130723 130723 130723
118899 123733 128492 130453 130712 130883 130883 130883 130883 130883 130883 130883 130883 130883 130883 130883 130883 130883 130883 130883 130883 130883 130883 130883 130883 130883 130883 130883 130883 130883 130883 130883 130883 130883 130883 130883 130883 130883 130883 130883
123013 127793 129298 130453 130613 130613 130723 130723 130723 130723 130723 130723 130723 130773 130883 130883 130883 130883 130883 130883 130883 130883 130883 130883 130883 130883 130883 130883 130883 130883 130883 130883 130883 130883 130883 130883 130883 130883 130883 130883
125177 125777 129698 130723 130723 130723 130883 130883 130883 130883 130883 130883 130883 130883 130883 130883 130883 130883 130883 130883 130883 130883 130883 130883 130883 130883 130883 130883 130883 130883 130883 130883 130883 130883 130883 130883 130883 130883 130883 130883
122674 129113 129113 129223 130563 130563 130723 130723 130723 130723 130883 130883 130883 130883 130883 130883 130883 130883 130883 130883 130883 130883 130883 130883 130883 130883 130883 130883 130883 130883 130883 130883 130883 130883 130883 130883 130883 130883 130883 130883
125963 130712 130723 130723 130723 130723 130723 130723 130723 130723 130723 130723 130723 130723 130723 130723 130723 130723 130723 130723 130723 130723 130723 130723 130723 130723 130723 130723 130723 130723 130723 130723 130723 130723 130723 130723 130723 130723 130723 130723
120650 125526 129788 130233 130773 130883 130883 130883 130883 130883 130883 130883 130883 130883 130883 130883 130883 130883 130883 130883 130883 130883 130883 130883 130883 130883 130883 130883 130883 130883 130883 130883 130883 130883 130883 130883 130883 130883 130883 130883
126733 128563 130712 130712 130712 130712 130712 130712 130723 130723 130723 130723 130723 130723 130723 130723 130723 130723 130723 130723 130723 130723 130723 130723 130723 130723 130723 130723 130723 130723 130723 130723 130723 130723 130723 130723 130723 130723 130723 130723
118745 127783 128453 130213 130213 130613 130723 130723 130723 130723 130723 130723 130723 130723 130883 130883 130883 130883 130883 130883 130883 130883 130883 130883 130883 130883 130883 130883 130883 130883 130883 130883 130883 130883 130883 130883 130883 130883 130883 130883
122130 129223 129943 129943 130883 130883 130883 130883 130883 130883 130883 130883 130883 130883 130883 130883 130883 130883 130883 130883 130883 130883 130883 130883 130883 130883 130883 130883 130883 130883 130883 130883 130883 130883 130883 130883 130883 130883 130883 130883
122135 123543 127028 127138 130053 130053 130602 130883 130883 130883 130883 130883 130883 130883 130883 130883 130883 130883 130883 130883 130883 130883 130883 130883 130883 130883 130883 130883 130883 130883 130883 130883 130883 130883 130883 130883 130883 130883 130883 130883
125453 129767 129908 130233 130723 130723 130723 130723 130723 130723 130723 130723 130723 130723 130723 130723 130723 130723 130723 130723 130723 130723 130723 130723 130723 130723 130723 130723 130723 130723 130723 130723 130723 130723 130723 130723 130723 130723 130723 130723

BPSO2 Results:
121464 123711 130123 130613 130613 130613 130613 130613 130613 130613 130613 130613 130613 130613 130613 130613 130613 130613 130613 130613 130613 130613 130613 130613 130613 130613 130613 130613 130613 130613 130613 130613 130613 130613 130613 130613 130613 130613 130613 130613
124252 124252 128388 128548 128548 128548 128548 130202 130202 130202 130202 130202 130202 130202 130202 130202 130202 130202 130202 130202 130202 130202 130202 130202 130202 130202 130202 130202 130202 130202 130202 130202 130202 130202 130202 130202 130202 130202 130202 130202
125408 126943 126943 126982 127940 129788 129788 129788 129788 129788 130123 130123 130123 130123 130123 130123 130613 130613 130613 130613 130613 130613 130613 130613 130613 130613 130613 130613 130613 130613 130613 130613 130613 130613 130613 130613 130613 130613 130613 130613
117705 125973 128468 129723 130053 130453 130563 130563 130563 130563 130563 130563 130563 130563 130563 130563 130883 130883 130883 130883 130883 130883 130883 130883 130883 130883 130883 130883 130883 130883 130883 130883 130883 130883 130883 130883 130883 130883 130883 130883
123910 123910 130213 130613 130613 130613 130613 130613 130613 130723 130723 130723 130723 130723 130723 130883 130883 130883 130883 130883 130883 130883 130883 130883 130883 130883 130883 130883 130883 130883 130883 130883 130883 130883 130883 130883 130883 130883 130883 130883
120940 123100 123100 128438 128438 128438 128458 128458 128458 128458 128458 128458 128458 128458 130453 130563 130563 130563 130723 130723 130723 130723 130723 130723 130723 130723 130723 130723 130723 130723 130723 130723 130723 130723 130723 130723 130723 130723 130723 130723
121779 122930 122930 127353 127863 127863 127863 129383 129383 129383 129383 129383 129383 129383 129383 129383 129398 129398 129398 129888 129888 129888 129888 129888 129888 129888 129888 129888 129888 129888 129888 129888 129888 129888 129888 129888 129888 129888 129888 129888
128403 129298 130233 130712 130883 130883 130883 130883 130883 130883 130883 130883 130883 130883 130883 130883 130883 130883 130883 130883 130883 130883 130883 130883 130883 130883 130883 130883 130883 130883 130883 130883 130883 130883 130883 130883 130883 130883 130883 130883
122640 127942 128811 128811 128911 129613 130103 130233 130233 130233 130563 130563 130563 130563 130563 130563 130563 130563 130563 130563 130563 130563 130563 130563 130563 130563 130563 130563 130563 130563 130563 130563 130563 130563 130563 130563 130563 130563 130563 130563
121994 130453 130563 130563 130563 130563 130563 130563 130563 130563 130563 130563 130563 130563 130563 130563 130563 130563 130563 130712 130712 130712 130712 130712 130712 130712 130712 130712 130712 130712 130712 130712 130712 130712 130712 130712 130712 130712 130712 130712
121630 128053 130883 130883 130883 130883 130883 130883 130883 130883 130883 130883 130883 130883 130883 130883 130883 130883 130883 130883 130883 130883 130883 130883 130883 130883 130883 130883 130883 130883 130883 130883 130883 130883 130883 130883 130883 130883 130883 130883
122605 127322 128693 129183 129183 129183 129183 129183 129183 129183 129183 129183 129183 129183 129183 129183 129183 130613 130613 130613 130613 130613 130613 130613 130613 130613 130613 130613 130613 130613 130613 130613 130613 130613 130613 130613 130613 130613 130613 130613
121700 126162 128017 128353 129023 129023 130712 130712 130712 130712 130712 130712 130712 130712 130712 130712 130712 130712 130712 130712 130712 130712 130712 130712 130712 130712 130712 130712 130712 130712 130712 130712 130712 130712 130712 130712 130712 130712 130712 130712
127903 127903 128013 128093 130163 130163 130233 130233 130563 130563 130563 130563 130563 130563 130563 130563 130563 130563 130563 130563 130883 130883 130883 130883 130883 130883 130883 130883 130883 130883 130883 130883 130883 130883 130883 130883 130883 130883 130883 130883
121890 126471 127401 129298 129383 129383 129383 130213 130213 130213 130213 130213 130213 130213 130213 130213 130213 130213 130213 130213 130213 130213 130213 130213 130213 130213 130213 130213 130723 130723 130723 130723 130723 130723 130723 130723 130723 130723 130723 130723
119029 127563 128673 128673 129183 130233 130233 130883 130883 130883 130883 130883 130883 130883 130883 130883 130883 130883 130883 130883 130883 130883 130883 130883 130883 130883 130883 130883 130883 130883 130883 130883 130883 130883 130883 130883 130883 130883 130883 130883
122430 127222 128921 128921 128921 128921 128921 128921 130053 130053 130053 130053 130053 130053 130563 130563 130563 130563 130563 130563 130563 130563 130563 130563 130563 130563 130563 130563 130563 130563 130563 130563 130563 130563 130563 130563 130563 130563 130563 130563
126227 127123 128322 128322 129808 129808 129808 129808 129808 129808 129808 129808 129808 130213 130213 130213 130213 130213 130213 130213 130213 130213 130213 130213 130213 130213 130213 130213 130213 130213 130213 130213 130213 130213 130213 130213 130213 130213 130213 130213
128422 128663 129613 130883 130883 130883 130883 130883 130883 130883 130883 130883 130883 130883 130883 130883 130883 130883 130883 130883 130883 130883 130883 130883 130883 130883 130883 130883 130883 130883 130883 130883 130883 130883 130883 130883 130883 130883 130883 130883
125180 127022 127880 129618 129618 129728 129728 129728 129728 129777 129777 129777 129777 129777 129777 129777 130092 130092 130092 130092 130092 130092 130213 130213 130213 130213 130213 130213 130213 130213 130213 130213 130213 130213 130213 130213 130213 130213 130213 130213
119952 123065 130053 130053 130053 130053 130053 130053 130053 130053 130053 130053 130053 130053 130053 130053 130053 130103 130103 130213 130213 130213 130213 130213 130213 130213 130213 130213 130213 130213 130213 130213 130213 130213 130213 130213 130213 130213 130773 130773
121300 123789 129908 129908 129908 129908 129908 129908 129908 130712 130712 130712 130712 130712 130712 130712 130712 130712 130712 130712 130712 130712 130712 130712 130712 130712 130712 130712 130712 130712 130712 130712 130712 130712 130712 130712 130712 130712 130712 130712
129943 130453 130453 130453 130602 130602 130602 130723 130723 130723 130723 130723 130723 130723 130723 130723 130723 130723 130723 130723 130723 130723 130723 130723 130723 130723 130723 130723 130723 130723 130723 130723 130723 130723 130723 130723 130723 130723 130723 130723
125178 126872 127891 128548 129273 129273 130213 130213 130723 130723 130723 130723 130723 130723 130723 130723 130723 130723 130723 130723 130723 130723 130723 130723 130723 130723 130723 130723 130723 130723 130723 130723 130723 130723 130723 130723 130723 130723 130723 130723
121540 130202 130602 130773 130773 130773 130773 130773 130883 130883 130883 130883 130883 130883 130883 130883 130883 130883 130883 130883 130883 130883 130883 130883 130883 130883 130883 130883 130883 130883 130883 130883 130883 130883 130883 130883 130883 130883 130883 130883
120289 121639 124345 124675 124835 124835 127942 127942 127942 128662 128662 128662 128662 128662 128662 128662 128662 128662 130163 130163 130163 130163 130163 130163 130163 130163 130163 130163 130163 130163 130163 130163 130163 130163 130163 130163 130163 130163 130163 130163
120854 127518 128353 128353 128353 128463 128463 128583 128913 128913 129943 130053 130053 130163 130163 130163 130563 130563 130563 130563 130563 130563 130563 130563 130563 130563 130563 130563 130563 130883 130883 130883 130883 130883 130883 130883 130883 130883 130883 130883
128017 129798 129798 129908 130613 130613 130723 130723 130723 130723 130723 130723 130723 130723 130723 130723 130723 130723 130723 130723 130723 130723 130723 130723 130723 130723 130723 130723 130723 130723 130723 130723 130723 130723 130723 130723 130723 130723 130723 130723
128388 130563 130563 130563 130723 130723 130723 130723 130723 130723 130723 130723 130723 130723 130723 130723 130723 130723 130723 130773 130773 130773 130773 130773 130773 130773 130773 130773 130773 130773 130773 130773 130773 130773 130773 130773 130773 130773 130773 130773
118981 119111 122480 123640 127658 128258 128258 128683 128683 128683 128683 129798 129798 129798 129798 129798 129798 129888 130712 130712 130712 130712 130712 130712 130712 130712 130712 130712 130712 130712 130712 130712 130712 130712 130712 130712 130712 130712 130712 130712

GA2 Results:
117240 118570 119711 119750 119750 119750 119750 122239 122980 128258 129172 129183 129183 129183 129183 129183 129183 129183 129183 129183 129183 129183 129183 129183 129183 129183 129183 129183 129183 129183 129183 129183 129183 129183 129183 129183 129183 129183 129183 129183
121232 123405 123719 123910 123910 123910 123910 123910 128563 128673 130723 130723 130723 130723 130723 130723 130723 130723 130723 130723 130723 130723 130723 130723 130723 130723 130723 130723 130723 130723 130723 130723 130723 130723 130723 130723 130723 130723 130723 130723
113574 116855 119411 119744 119744 119750 119854 121090 123669 123899 123899 123910 123910 123910 123910 123910 123910 123910 124158 124158 124158 124158 124158 124158 124158 124158 124158 124158 124158 124158 124158 124158 124158 124158 124158 124158 124158 124158 124158 124158
115005 123015 127422 128403 130712 130723 130723 130723 130723 130723 130723 130723 130723 130723 130883 130883 130883 130883 130883 130883 130883 130883 130883 130883 130883 130883 130883 130883 130883 130883 130883 130883 130883 130883 130883 130883 130883 130883 130883 130883
113325 120934 122699 123559 123860 123860 123860 123860 123910 123910 124520 124520 124520 124520 124680 124680 130883 130883 130883 130883 130883 130883 130883 130883 130883 130883 130883 130883 130883 130883 130883 130883 130883 130883 130883 130883 130883 130883 130883 130883
114608 117998 119551 121710 122200 122200 123750 129023 129183 129183 129183 129183 129183 129183 129183 129183 130723 130723 130723 130723 130723 130723 130723 130723 130723 130723 130723 130723 130723 130723 130723 130723 130723 130723 130723 130723 130723 130723 130723 130723
113488 121959 123054 128353 128353 128353 128463 130563 130723 130723 130723 130723 130723 130723 130723 130723 130723 130723 130723 130883 130883 130883 130883 130883 130883 130883 130883 130883 130883 130883 130883 130883 130883 130883 130883 130883 130883 130883 130883 130883
120954 123054 123054 123708 128042 128042 129183 129183 129183 129183 129183 129808 129808 129808 130723 130723 130723 130723 130723 130723 130723 130723 130723 130723 130723 130723 130723 130723 130723 130883 130883 130883 130883 130883 130883 130883 130883 130883 130883 130883
116315 118035 118870 119590 119750 119750 119750 119750 119750 121740 123559 128502 129183 129183 129183 129183 129183 129183 129183 129183 130883 130883 130883 130883 130883 130883 130883 130883 130883 130883 130883 130883 130883 130883 130883 130883 130883 130883 130883 130883
121454 121454 128177 128602 128602 128602 128602 128602 128602 128602 128602 128602 128602 128602 129162 129162 129173 129173 129173 129173 129173 129173 129173 129173 129173 129173 129173 129173 129173 129173 129173 129173 129173 129173 129173 129173 129173 129173 129173 129173
116020 120554 121944 121944 123355 123355 124675 124824 124835 124835 124835 124835 124835 124835 127263 127633 128502 130712 130712 130723 130723 130723 130723 130723 130723 130723 130723 130723 130723 130723 130723 130723 130723 130723 130723 130723 130723 130723 130723 130723
121584 128342 128452 128463 129183 130723 130723 130723 130723 130723 130723 130723 130883 130883 130883 130883 130883 130883 130883 130883 130883 130883 130883 130883 130883 130883 130883 130883 130883 130883 130883 130883 130883 130883 130883 130883 130883 130883 130883 130883
115870 120334 126468 127092 128177 129032 129032 130723 130723 130723 130723 130723 130723 130723 130723 130723 130723 130723 130723 130883 130883 130883 130883 130883 130883 130883 130883 130883 130883 130883 130883 130883 130883 130883 130883 130883 130883 130883 130883 130883
114983 118570 121015 123669 123879 123879 128073 130712 130712 130712 130712 130712 130712 130712 130712 130712 130723 130723 130723 130723 130723 130723 130723 130723 130723 130723 130723 130723 130723 130723 130723 130723 130723 130723 130723 130723 130723 130723 130723 130723
122645 123054 125282 126492 128502 129183 129183 129183 129183 129183 129183 129183 129183 129183 129183 129183 129183 130103 130723 130723 130723 130723 130723 130723 130723 130723 130723 130723 130723 130723 130723 130723 130723 130723 130723 130723 130723 130723 130723 130723
120890 125282 125977 127212 127642 128042 128432 129183 129183 129183 129183 129183 129183 129183 129183 129183 129183 129183 129183 129183 129183 129183 129183 129183 129183 129183 129183 129183 129183 129183 130723 130723 130723 130723 130723 130723 130723 130723 130723 130723
120124 123054 123559 123669 128028 128028 128353 129628 129628 130563 130723 130723 130723 130723 130723 130723 130723 130723 130723 130723 130723 130723 130723 130723 130723 130723 130723 130723 130723 130723 130723 130723 130723 130723 130723 130723 130723 130723 130723 130723
117954 123772 123772 123772 124835 128502 129123 130202 130712 130723 130723 130723 130723 130723 130723 130723 130723 130723 130723 130723 130723 130723 130723 130723 130723 130723 130723 130723 130723 130723 130723 130723 130723 130723 130723 130723 130723 130723 130723 130723
120934 121379 122944 123559 123669 123669 123669 123669 128422 128532 129383 130723 130723 130723 130723 130723 130723 130723 130723 130723 130723 130723 130723 130723 130723 130723 130723 130723 130723 130723 130723 130723 130723 130723 130723 130723 130723 130723 130723 130723
116181 121395 128042 128502 128502 129183 129183 129183 129183 129183 129183 129183 129183 129183 129183 129183 129183 129183 129183 129183 129183 130723 130723 130723 130723 130723 130723 130723 130723 130723 130723 130723 130723 130723 130723 130723 130723 130723 130723 130723
118753 122154 128272 128272 128452 128452 128623 129023 129183 129183 129183 129183 129183 129183 129183 129788 130053 130723 130723 130723 130723 130723 130723 130723 130723 130723 130723 130723 130723 130723 130723 130723 130723 130723 130723 130723 130723 130723 130723 130723
120104 121004 122539 123214 124000 128173 128173 130723 130773 130883 130883 130883 130883 130883 130883 130883 130883 130883 130883 130883 130883 130883 130883 130883 130883 130883 130883 130883 130883 130883 130883 130883 130883 130883 130883 130883 130883 130883 130883 130883
119711 125282 126492 126492 128602 129333 129333 130723 130883 130883 130883 130883 130883 130883 130883 130883 130883 130883 130883 130883 130883 130883 130883 130883 130883 130883 130883 130883 130883 130883 130883 130883 130883 130883 130883 130883 130883 130883 130883 130883
121494 121494 123164 124520 124520 124520 124680 124680 124680 124680 124680 124680 124680 124680 124680 124680 124680 124680 124680 127632 127632 127642 127642 127642 127642 128042 128042 128042 128042 128042 128042 128042 128042 128042 128042 128042 128042 128042 128042 128042
119124 125282 125657 129172 129172 130712 130712 130883 130883 130883 130883 130883 130883 130883 130883 130883 130883 130883 130883 130883 130883 130883 130883 130883 130883 130883 130883 130883 130883 130883 130883 130883 130883 130883 130883 130883 130883 130883 130883 130883
115268 119750 119750 122144 122144 122144 128422 128532 128602 128602 128602 128602 128602 128602 128602 128773 129173 129173 129173 129173 129173 129173 129173 129173 129173 129173 129173 129173 129173 129173 129173 129173 129173 129173 129173 129173 129173 129173 129173 129173
115619 117875 120629 120839 125230 127882 128173 128503 130712 130723 130723 130723 130723 130723 130723 130723 130723 130723 130723 130723 130723 130723 130723 130723 130723 130723 130723 130723 130723 130723 130723 130723 130723 130723 130723 130723 130723 130723 130723 130723
117541 121072 123907 128442 128442 128563 128602 128602 130712 130723 130723 130723 130723 130723 130723 130723 130723 130723 130723 130723 130723 130723 130723 130723 130723 130723 130723 130723 130723 130723 130723 130723 130723 130723 130723 130723 130723 130723 130723 130723
118245 119960 119960 119960 119960 119960 121090 121090 121101 121101 121101 121101 121101 121101 121101 123164 124520 124520 126227 130723 130723 130723 130723 130723 130723 130723 130723 130723 130723 130723 130723 130723 130723 130723 130723 130723 130723 130723 130723 130723
123509 123520 128303 128532 128563 128563 128563 128602 128602 128602 128602 128602 128602 129908 129908 130723 130723 130723 130723 130723 130723 130723 130723 130723 130883 130883 130883 130883 130883 130883 130883 130883 130883 130883 130883 130883 130883 130883 130883 130883

BPSO3 Results:
119970 127177 127177 127188 127188 127188 128173 128502 130202 130202 130712 130712 130712 130712 130712 130712 130712 130712 130712 130712 130712 130712 130712 130712 130712 130712 130712 130712 130712 130712 130712 130712 130712 130712 130712 130712 130712 130712 130712 130712
128868 128868 128868 129273 129273 129798 129798 129798 129798 129798 130602 130602 130883 130883 130883 130883 130883 130883 130883 130883 130883 130883 130883 130883 130883 130883 130883 130883 130883 130883 130883 130883 130883 130883 130883 130883 130883 130883 130883 130883
114453 120109 125883 126787 126997 126997 126997 128383 130453 130453 130453 130453 130453 130723 130723 130723 130723 130723 130723 130723 130723 130723 130723 130723 130723 130723 130723 130723 130723 130723 130723 130723 130723 130723 130723 130723 130723 130723 130723 130723
119313 122295 122295 124617 126167 126167 126167 129073 129073 129262 129262 129262 129262 129262 129262 129262 129262 129262 129262 129262 129262 129262 129262 130092 130092 130092 130092 130092 130092 130092 130453 130453 130453 130453 130453 130453 130453 130453 130453 130453
115145 126442 126442 130613 130613 130613 130613 130613 130613 130613 130613 130613 130613 130613 130613 130613 130613 130613 130613 130613 130613 130613 130613 130613 130613 130613 130613 130613 130613 130613 130613 130613 130613 130613 130613 130613 130613 130613 130613 130613
119008 128532 128532 128532 128532 128532 128602 129013 129013 129013 129013 129013 129013 129013 129013 129013 129013 129013 129173 129173 129173 129173 129173 129173 129173 129173 129173 129173 129173 129173 129173 129173 129173 129173 129173 129173 129173 129798 129798 129798
120125 122970 122970 122970 130563 130563 130563 130563 130563 130563 130563 130563 130563 130563 130563 130563 130563 130563 130563 130563 130563 130563 130563 130563 130563 130563 130563 130563 130563 130563 130563 130563 130563 130563 130563 130563 130563 130563 130563 130563
114420 126243 129798 129798 129798 129798 129798 129798 129798 129798 130723 130723 130723 130723 130723 130723 130723 130723 130723 130723 130723 130723 130723 130723 130723 130723 130723 130723 130723 130723 130723 130723 130723 130723 130723 130723 130723 130723 130723 130723
118710 120539 123119 126733 129288 129288 129288 129288 130712 130712 130712 130712 130712 130712 130712 130712 130712 130712 130712 130712 130712 130712 130712 130712 130712 130712 130712 130712 130712 130712 130712 130712 130712 130712 130712 130712 130712 130712 130712 130712
121353 128283 128463 128463 128463 130233 130233 130233 130233 130233 130233 130233 130233 130233 130723 130723 130723 130723 130723 130723 130723 130723 130723 130723 130723 130723 130723 130723 130723 130723 130723 130723 130723 130723 130723 130723 130723 130723 130723 130723
120383 129767 129767 129767 129767 129767 129767 129767 129767 129767 129767 129767 129767 129767 129767 129767 129767 129767 129767 129767 129767 129767 129767 129767 129767 129767 129767 130053 130053 130053 130053 130053 130053 130053 130053 130053 130053 130053 130053 130053
125583 130712 130712 130712 130712 130712 130712 130712 130712 130712 130712 130723 130723 130723 130723 130723 130723 130723 130723 130723 130723 130723 130723 130723 130723 130723 130723 130723 130723 130723 130723 130723 130723 130723 130723 130723 130723 130723 130723 130723
121650 127552 127552 127552 127552 128342 128342 128342 128913 130202 130202 130202 130202 130202 130883 130883 130883 130883 130883 130883 130883 130883 130883 130883 130883 130883 130883 130883 130883 130883 130883 130883 130883 130883 130883 130883 130883 130883 130883 130883
119565 126518 129288 129288 129618 129728 129728 129728 130053 130053 130053 130053 130053 130053 130053 130053 130053 130053 130053 130053 130053 130053 130053 130053 130053 130053 130202 130202 130202 130202 130202 130202 130773 130773 130773 130773 130773 130773 130773 130773
117496 127468 127468 127468 127468 127468 127468 127468 127468 128042 128358 128358 128358 128358 128358 128358 128358 128358 128358 128358 128358 128358 128358 128358 128358 128358 128358 128358 128358 128358 128513 128513 128513 128513 128513 128513 128513 128513 128513 128513
120643 121803 124528 126812 126812 128212 128212 129678 129678 129678 130613 130613 130613 130773 130773 130773 130773 130773 130773 130773 130773 130773 130773 130773 130773 130773 130773 130773 130773 130773 130773 130773 130773 130773 130773 130773 130773 130773 130773 130773
119533 119899 128448 128448 128448 129298 129298 129298 129298 129298 129298 129298 129298 129298 129298 129298 129298 129298 129298 129298 129298 129298 129298 129298 129298 129298 129298 129298 129298 129698 129698 129698 129877 129877 129877 129877 129877 129877 129877 129877
126067 126312 126866 129188 129188 129188 129188 129678 129678 129678 129678 129678 129678 129678 129678 129678 129678 129678 129678 129678 129678 129678 129788 129788 129788 129788 129788 129788 129788 129788 129788 129788 129788 129788 129788 129788 129788 129808 129808 129808
115908 126453 127538 129162 130453 130453 130453 130453 130563 130613 130613 130613 130613 130613 130613 130613 130613 130613 130613 130613 130613 130613 130613 130613 130613 130613 130613 130613 130613 130613 130613 130613 130613 130613 130613 130613 130613 130613 130613 130613
126212 128342 128342 128342 129162 129613 129613 129613 129613 129698 129698 129698 129698 129698 129698 129698 129698 129698 129698 129698 129698 129723 129723 129723 129723 129723 129723 129723 129723 129723 129723 129723 129723 129723 129723 129723 129723 129723 129723 129723
119030 123173 124643 130613 130613 130613 130613 130712 130712 130712 130712 130712 130712 130712 130712 130712 130712 130712 130712 130712 130712 130712 130712 130712 130712 130712 130712 130712 130712 130712 130712 130712 130712 130712 130712 130712 130712 130712 130712 130712
112622 120918 124360 124360 124360 126398 127053 130233 130233 130233 130233 130233 130233 130233 130233 130233 130233 130233 130233 130233 130233 130233 130233 130233 130233 130233 130233 130233 130233 130233 130233 130233 130563 130563 130563 130563 130563 130563 130563 130563
118254 121820 126128 126128 128783 128978 128978 128978 128978 129728 129728 129728 129728 129877 129877 129877 129877 129877 129877 129877 129877 129877 129877 129877 129877 129877 130883 130883 130883 130883 130883 130883 130883 130883 130883 130883 130883 130883 130883 130883
117873 121614 128868 128868 128868 130613 130613 130613 130613 130613 130613 130613 130613 130613 130613 130613 130613 130613 130613 130613 130613 130613 130613 130613 130613 130613 130613 130613 130613 130613 130613 130613 130613 130613 130613 130613 130613 130613 130613 130613
123938 123938 123938 127753 127753 128358 128358 129403 129403 129403 130602 130602 130602 130602 130602 130602 130602 130602 130602 130712 130712 130712 130712 130712 130712 130712 130712 130712 130712 130712 130712 130712 130712 130712 130712 130712 130712 130712 130712 130712
118627 118627 122590 124313 126028 128342 130202 130202 130202 130202 130563 130563 130563 130563 130563 130563 130563 130563 130563 130563 130563 130563 130563 130563 130563 130563 130563 130563 130613 130613 130613 130613 130613 130613 130613 130613 130613 130613 130613 130613
113465 125591 126393 127353 128312 128811 128811 130092 130712 130712 130773 130773 130773 130773 130773 130773 130773 130773 130773 130773 130773 130773 130773 130773 130773 130773 130773 130773 130773 130773 130773 130773 130773 130773 130773 130773 130773 130773 130773 130773
115218 125638 127753 128023 128023 128023 128452 128452 128452 128452 128452 128452 128452 128452 128452 128452 128452 128452 128452 128452 128452 128452 128452 128452 128452 128452 128452 128452 129172 129172 129172 129172 129172 129172 129172 129172 129172 129172 129172 129172
126563 127631 128513 128513 129013 129013 129013 129013 129013 129013 129172 129172 129172 129183 129183 129183 129183 129183 129183 129183 129183 129183 129183 129183 130723 130723 130723 130723 130723 130723 130723 130723 130723 130723 130723 130723 130723 130723 130723 130723
117299 128442 128442 128442 128442 128453 128602 128602 128602 128602 128602 128602 128602 128602 128602 128602 130712 130712 130712 130712 130712 130712 130712 130712 130712 130712 130712 130712 130712 130712 130712 130712 130712 130712 130712 130712 130712 130712 130712 130712

GA3 Results:
120274 127312 129303 130712 130712 130773 130883 130883 130883 130883 130883 130883 130883 130883 130883 130883 130883 130883 130883 130883 130883 130883 130883 130883 130883 130883 130883 130883 130883 130883 130883 130883 130883 130883 130883 130883 130883 130883 130883 130883
119420 125133 128353 130723 130723 130773 130883 130883 130883 130883 130883 130883 130883 130883 130883 130883 130883 130883 130883 130883 130883 130883 130883 130883 130883 130883 130883 130883 130883 130883 130883 130883 130883 130883 130883 130883 130883 130883 130883 130883
126092 130163 130163 130773 130773 130773 130883 130883 130883 130883 130883 130883 130883 130883 130883 130883 130883 130883 130883 130883 130883 130883 130883 130883 130883 130883 130883 130883 130883 130883 130883 130883 130883 130883 130883 130883 130883 130883 130883 130883
121620 125443 127848 127948 130233 130723 130723 130723 130723 130723 130723 130723 130723 130723 130723 130723 130723 130723 130723 130723 130723 130723 130723 130723 130723 130723 130723 130723 130723 130723 130723 130723 130723 130723 130723 130723 130723 130723 130723 130723
119994 122245 123355 123405 123840 123910 129173 129173 129173 129188 129188 129188 129298 129808 130202 130712 130723 130723 130723 130723 130723 130723 130723 130723 130723 130723 130723 130723 130723 130723 130723 130723 130723 130723 130723 130723 130723 130723 130723 130723
120080 120685 124363 128403 130563 130563 130563 130563 130563 130723 130723 130723 130723 130883 130883 130883 130883 130883 130883 130883 130883 130883 130883 130883 130883 130883 130883 130883 130883 130883 130883 130883 130883 130883 130883 130883 130883 130883 130883 130883
118575 123169 130053 130202 130712 130883 130883 130883 130883 130883 130883 130883 130883 130883 130883 130883 130883 130883 130883 130883 130883 130883 130883 130883 130883 130883 130883 130883 130883 130883 130883 130883 130883 130883 130883 130883 130883 130883 130883 130883
129888 130883 130883 130883 130883 130883 130883 130883 130883 130883 130883 130883 130883 130883 130883 130883 130883 130883 130883 130883 130883 130883 130883 130883 130883 130883 130883 130883 130883 130883 130883 130883 130883 130883 130883 130883 130883 130883 130883 130883
115755 123697 126848 129172 129173 130563 130712 130723 130723 130723 130723 130883 130883 130883 130883 130883 130883 130883 130883 130883 130883 130883 130883 130883 130883 130883 130883 130883 130883 130883 130883 130883 130883 130883 130883 130883 130883 130883 130883 130883
121859 124725 129193 130613 130613 130613 130723 130723 130723 130723 130723 130723 130723 130723 130883 130883 130883 130883 130883 130883 130883 130883 130883 130883 130883 130883 130883 130883 130883 130883 130883 130883 130883 130883 130883 130883 130883 130883 130883 130883
126198 130773 130773 130773 130773 130773 130773 130773 130773 130773 130773 130773 130773 130883 130883 130883 130883 130883 130883 130883 130883 130883 130883 130883 130883 130883 130883 130883 130883 130883 130883 130883 130883 130883 130883 130883 130883 130883 130883 130883
122123 130213 130453 130883 130883 130883 130883 130883 130883 130883 130883 130883 130883 130883 130883 130883 130883 130883 130883 130883 130883 130883 130883 130883 130883 130883 130883 130883 130883 130883 130883 130883 130883 130883 130883 130883 130883 130883 130883 130883
120775 126258 129698 129808 129808 130563 130723 130723 130723 130723 130723 130723 130723 130723 130723 130723 130723 130723 130723 130723 130723 130723 130723 130723 130723 130723 130723 130723 130723 130723 130723 130723 130723 130723 130723 130723 130723 130723 130723 130723
127663 130883 130883 130883 130883 130883 130883 130883 130883 130883 130883 130883 130883 130883 130883 130883 130883 130883 130883 130883 130883 130883 130883 130883 130883 130883 130883 130883 130883 130883 130883 130883 130883 130883 130883 130883 130883 130883 130883 130883
128403 129023 129183 129183 129183 130883 130883 130883 130883 130883 130883 130883 130883 130883 130883 130883 130883 130883 130883 130883 130883 130883 130883 130883 130883 130883 130883 130883 130883 130883 130883 130883 130883 130883 130883 130883 130883 130883 130883 130883
126472 128092 130723 130723 130723 130723 130723 130723 130723 130723 130723 130723 130723 130723 130723 130723 130723 130723 130723 130883 130883 130883 130883 130883 130883 130883 130883 130883 130883 130883 130883 130883 130883 130883 130883 130883 130883 130883 130883 130883
123558 128272 129173 129183 129788 129788 129788 129788 129808 129808 129808 130712 130723 130723 130723 130723 130723 130723 130723 130723 130723 130723 130723 130723 130723 130723 130723 130723 130723 130723 130723 130723 130723 130723 130723 130723 130723 130723 130723 130723
124363 128673 129073 129183 129183 129183 129183 129183 129183 129183 129183 129183 129183 129183 129183 129183 129183 129183 129183 129183 129183 129183 129283 129283 129283 129788 130213 130883 130883 130883 130883 130883 130883 130883 130883 130883 130883 130883 130883 130883
121294 126702 130053 130602 130602 130773 130883 130883 130883 130883 130883 130883 130883 130883 130883 130883 130883 130883 130883 130883 130883 130883 130883 130883 130883 130883 130883 130883 130883 130883 130883 130883 130883 130883 130883 130883 130883 130883 130883 130883
118846 129193 129303 130123 130712 130712 130723 130723 130723 130723 130723 130723 130723 130723 130723 130723 130723 130723 130723 130723 130723 130723 130723 130723 130723 130723 130723 130723 130723 130723 130723 130723 130723 130723 130723 130723 130723 130723 130723 130723
122485 126593 129293 129293 129303 130123 130123 130453 130723 130723 130723 130723 130723 130723 130723 130883 130883 130883 130883 130883 130883 130883 130883 130883 130883 130883 130883 130883 130883 130883 130883 130883 130883 130883 130883 130883 130883 130883 130883 130883
122778 130092 130773 130883 130883 130883 130883 130883 130883 130883 130883 130883 130883 130883 130883 130883 130883 130883 130883 130883 130883 130883 130883 130883 130883 130883 130883 130883 130883 130883 130883 130883 130883 130883 130883 130883 130883 130883 130883 130883
120470 127963 130013 130013 130013 130602 130712 130723 130723 130723 130723 130723 130723 130723 130723 130723 130723 130723 130723 130723 130723 130723 130723 130723 130723 130723 130723 130723 130723 130723 130723 130723 130723 130723 130723 130723 130723 130723 130723 130723
128332 128332 130602 130602 130712 130712 130723 130723 130723 130723 130723 130723 130723 130723 130723 130723 130723 130883 130883 130883 130883 130883 130883 130883 130883 130883 130883 130883 130883 130883 130883 130883 130883 130883 130883 130883 130883 130883 130883 130883
120860 123615 124320 124320 124745 124835 125230 125230 125230 125230 125230 125230 125230 125230 125230 125230 125230 125230 125230 128553 128553 128553 130013 130092 130602 130602 130602 130773 130773 130773 130883 130883 130883 130883 130883 130883 130883 130883 130883 130883
121104 128053 129778 129888 129888 129888 129888 129888 129888 129888 129908 129908 129908 129908 129908 130712 130712 130723 130723 130723 130723 130723 130723 130723 130723 130723 130723 130723 130723 130723 130723 130723 130723 130723 130723 130723 130723 130723 130723 130723
121185 124320 126918 127507 128372 128537 128602 129162 129162 130712 130712 130712 130712 130712 130712 130723 130723 130723 130723 130723 130883 130883 130883 130883 130883 130883 130883 130883 130883 130883 130883 130883 130883 130883 130883 130883 130883 130883 130883 130883
118094 124792 124835 128183 128283 129283 130883 130883 130883 130883 130883 130883 130883 130883 130883 130883 130883 130883 130883 130883 130883 130883 130883 130883 130883 130883 130883 130883 130883 130883 130883 130883 130883 130883 130883 130883 130883 130883 130883 130883
125163 127563 128063 129698 129698 130563 130563 130723 130723 130723 130723 130723 130723 130723 130723 130723 130723 130723 130723 130723 130723 130723 130723 130723 130723 130723 130723 130883 130883 130883 130883 130883 130883 130883 130883 130883 130883 130883 130883 130883
120713 126848 127953 128073 130213 130213 130213 130213 130213 130723 130723 130723 130723 130723 130723 130723 130723 130723 130723 130723 130723 130723 130723 130723 130723 130723 130723 130723 130723 130723 130723 130723 130723 130723 130723 130723 130723 130723 130723 130723

