MKP7 Results:
BPSO1 Results:
951964 979219 1004522 1009296 1009296 1009296 1009296 1009296 1009296 1009296 1009296 1009296 1009296 1009296 1009296 1009296 1009296 1009296 1009296 1009296 1009296 1009296 1009296 1009296 1009296 1009296 1009296 1009296 1009296 1009296 1009296 1009296 1009296 1009296 1009296 1009296 1009296 1009296 1009296 1009296
949661 991047 993479 1010586 1010586 1011540 1011540 1011540 1011540 1011540 1011540 1011540 1011540 1011540 1011540 1011540 1011540 1011540 1011540 1011540 1011540 1011540 1011540 1011540 1011540 1011540 1011540 1011540 1011540 1011540 1011540 1011540 1011540 1011540 1011540 1011540 1011540 1011540 1011540 1011540
970245 1007719 1007719 1007719 1007719 1007719 1010768 1019506 1019506 1019506 1019506 1019506 1019506 1019506 1019506 1019506 1019506 1019506 1019506 1019506 1019506 1019506 1019506 1019506 1019506 1019506 1019506 1019506 1019506 1019506 1019506 1019506 1019506 1019506 1019506 1019506 1019506 1019506 1019506 1019506
994980 1001276 1007559 1007559 1007559 1013082 1023286 1023286 1023286 1023286 1029709 1029709 1029709 1029709 1029709 1029709 1029709 1029709 1029709 1029709 1029709 1029709 1029709 1029709 1029709 1029709 1029709 1029709 1029709 1029709 1029709 1029709 1029709 1029709 1029709 1029709 1029709 1029709 1029709 1029709
980423 983038 1008857 1009634 1009634 1009634 1009634 1009634 1009634 1009634 1009634 1009634 1009634 1009634 1009634 1009634 1009634 1009634 1009634 1009634 1009634 1009634 1009634 1009634 1009634 1009634 1009634 1009634 1009634 1009634 1009634 1009634 1009634 1009634 1009634 1009634 1009634 1009634 1009634 1009634
948117 982759 986917 994896 994896 994896 994896 994896 994896 1010626 1010626 1010626 1010626 1010626 1010626 1010626 1010626 1010626 1010626 1010626 1010626 1010626 1010626 1010626 1010626 1010626 1010626 1010626 1010626 1010626 1010626 1010626 1010626 1010626 1010626 1010626 1010626 1010626 1010626 1010626
987678 987678 1023983 1023983 1023983 1023983 1023983 1023983 1023983 1023983 1023983 1023983 1023983 1023983 1023983 1023983 1023983 1023983 1023983 1023983 1023983 1023983 1023983 1023983 1023983 1023983 1023983 1023983 1023983 1023983 1023983 1023983 1023983 1023983 1023983 1023983 1023983 1023983 1023983 1023983
958649 975350 975350 985779 991218 993801 1005274 1005274 1005274 1023369 1023369 1023369 1023369 1023369 1023369 1023369 1023369 1023369 1023369 1023369 1023369 1023369 1023369 1023369 1023369 1023369 1023369 1023369 1023369 1023369 1023369 1023369 1023369 1023369 1023369 1023369 1023369 1023369 1023369 1023369
973532 997615 997615 1001919 1001919 1001919 1001919 1001919 1001919 1001919 1001919 1001919 1001919 1001919 1001919 1001919 1001919 1001919 1001919 1001919 1001919 1001919 1001919 1001919 1001919 1001919 1001919 1001919 1001919 1001919 1001919 1001919 1001919 1001919 1001919 1001919 1001919 1001919 1001919 1001919
972644 1009702 1009702 1009702 1009702 1009702 1009702 1010769 1010769 1010769 1010769 1010769 1010769 1010769 1010769 1010769 1010769 1010769 1010769 1010769 1010769 1010769 1010769 1010769 1010769 1010769 1010769 1010769 1010769 1010769 1010769 1010769 1010769 1010769 1010769 1010769 1010769 1010769 1010769 1010769
1007544 1007544 1007544 1007544 1007544 1009754 1009754 1009754 1009754 1009754 1009754 1009754 1009754 1009754 1009754 1009754 1009754 1009754 1009754 1009754 1009754 1009754 1009754 1009754 1009754 1009754 1009754 1009754 1009754 1009754 1009754 1009754 1009754 1009754 1009754 1009754 1009754 1009754 1009754 1009754
970522 986241 986241 986241 986241 993337 993337 993337 993337 993337 993337 993337 993337 993337 993337 993337 993337 994405 994405 994405 994405 994405 994405 994405 994405 994405 994405 994405 994405 994405 994405 994405 994405 994405 994405 994405 994405 994405 994405 994405
936002 971390 990582 990582 990582 998376 998376 1002265 1002265 1002265 1002265 1002265 1005885 1005885 1005885 1005885 1005885 1005885 1005885 1005885 1005885 1005885 1005885 1005885 1005885 1005885 1005885 1005885 1005885 1005885 1005885 1005885 1005885 1005885 1005885 1005885 1005885 1005885 1005885 1005885
968280 968280 978813 985919 989486 989486 989486 989486 989486 989486 1005413 1005413 1005413 1005413 1005413 1005413 1005413 1005413 1005413 1005413 1005413 1005413 1005413 1005413 1005413 1005413 1005413 1005413 1005413 1005413 1005413 1005413 1005413 1005413 1005413 1005413 1005413 1005413 1005413 1005413
970797 997371 997371 998823 1007765 1007765 1007765 1007765 1007765 1007765 1007765 1007765 1007765 1007765 1007765 1007765 1007765 1007765 1007765 1007765 1007765 1007765 1007765 1007765 1007765 1007765 1007765 1007765 1007765 1007765 1007765 1007765 1007765 1007765 1007765 1007765 1007765 1007765 1007765 1007765
980533 1003296 1003296 1003296 1003296 1003296 1003296 1025118 1025118 1025118 1025118 1025118 1025118 1025118 1025118 1025118 1025118 1025118 1025118 1025118 1025118 1025118 1025118 1025118 1025118 1025118 1025118 1025118 1025118 1025118 1025118 1025118 1025118 1025118 1025118 1025118 1025118 1025118 1025118 1025118
962102 982888 982888 989889 1001737 1031340 1031340 1031340 1031340 1031340 1031340 1031340 1031340 1031340 1031340 1031340 1031340 1031340 1031340 1031340 1031340 1031340 1031340 1031340 1031340 1031340 1031340 1031340 1031340 1031340 1031340 1031340 1031340 1031340 1031340 1031340 1031340 1031340 1031340 1031340
952326 990468 997484 1006867 1018745 1018745 1018745 1018745 1018745 1018745 1018745 1018745 1018745 1018745 1018745 1018745 1018745 1018745 1018745 1018745 1018745 1018745 1018745 1018745 1018745 1018745 1018745 1018745 1018745 1018745 1018745 1018745 1018745 1018745 1018745 1018745 1018745 1018745 1018745 1018745
972620 972620 996000 1009638 1009638 1009638 1009638 1009638 1009638 1009638 1009638 1009638 1009638 1009638 1009638 1009638 1009638 1009638 1009638 1009638 1009638 1009638 1009638 1009638 1009638 1009638 1009638 1009638 1009638 1009638 1009638 1009638 1009638 1009638 1009638 1009638 1009638 1009638 1009638 1009638
939070 983610 998422 998422 1004568 1004568 1004568 1004568 1004568 1038122 1038122 1038122 1038122 1038122 1038122 1038122 1038122 1038122 1038122 1038122 1038122 1038122 1038122 1038122 1038122 1038122 1038122 1038122 1038122 1038122 1038122 1038122 1038122 1038122 1038122 1038122 1038122 1038122 1038122 1038122
949706 980433 996477 996477 996477 1003233 1003233 1016548 1016548 1016548 1016548 1016548 1016548 1018652 1018652 1018652 1018652 1018652 1018652 1018652 1018652 1018652 1018652 1018652 1018652 1018652 1018652 1018652 1018652 1018652 1018652 1018652 1018652 1018652 1018652 1018652 1018652 1018652 1018652 1018652
960740 1005718 1005718 1005718 1005718 1005718 1005718 1005718 1005718 1005718 1005718 1005718 1005718 1005718 1005718 1005718 1005718 1005718 1005718 1005718 1005718 1005718 1005718 1005718 1005718 1005718 1005718 1005718 1005718 1005718 1005718 1005718 1005718 1005718 1005718 1005718 1005718 1005718 1005718 1005718
940366 994298 994298 994298 994298 994298 994298 994298 994298 994298 994298 999070 999070 999070 999070 1000726 1000726 1000726 1000726 1000726 1000726 1000726 1000726 1000726 1000726 1000726 1000726 1000726 1000726 1000726 1000726 1000726 1000726 1000726 1000726 1000726 1000726 1000726 1000726 1000726
978843 980648 1011816 1011816 1018849 1018849 1018849 1018849 1018849 1018849 1018849 1029181 1029181 1029181 1029181 1029181 1029181 1029181 1029181 1029181 1029181 1029181 1029181 1029181 1029181 1029181 1029181 1029181 1029181 1029181 1029181 1029181 1029181 1029181 1029181 1029181 1029181 1029181 1029181 1029181
969371 986750 1027821 1027821 1027821 1027821 1027821 1027821 1035724 1035724 1035724 1035724 1035724 1035724 1035724 1035724 1035724 1035724 1035724 1035724 1035724 1035724 1035724 1035724 1035724 1035724 1035724 1035724 1035724 1035724 1035724 1035724 1035724 1035724 1035724 1035724 1035724 1035724 1035724 1035724
953849 1005438 1024702 1024702 1024702 1034655 1034655 1034655 1034655 1034655 1034655 1034655 1034655 1034655 1034655 1034655 1034655 1034655 1034655 1034655 1034655 1034655 1034655 1034655 1034655 1034655 1034655 1034655 1034655 1034655 1034655 1034655 1034655 1034655 1034655 1034655 1034655 1034655 1034655 1034655
985829 1013460 1020293 1036630 1036630 1036630 1036630 1036630 1036630 1036630 1036630 1036630 1036630 1036630 1036630 1036630 1036630 1036630 1036630 1036630 1036630 1036630 1036630 1036630 1036630 1036630 1036630 1036630 1036630 1036630 1036630 1036630 1036630 1036630 1036630 1036630 1036630 1036630 1036630 1036630
986135 1001463 1014520 1014520 1014520 1014520 1014520 1014520 1014520 1014520 1014520 1014520 1014520 1014520 1014520 1014520 1014520 1014520 1014520 1014520 1014520 1014520 1014520 1014520 1014520 1014520 1014520 1014520 1014520 1014520 1014520 1014520 1014520 1014520 1014520 1014520 1014520 1014520 1014520 1014520
967864 992189 1024827 1024827 1024827 1024827 1024827 1024827 1024827 1024827 1024827 1024827 1024827 1024827 1024827 1024827 1024827 1024827 1024827 1024827 1024827 1024827 1024827 1024827 1024827 1024827 1024827 1024827 1024827 1024827 1024827 1024827 1024827 1024827 1024827 1024827 1024827 1024827 1024827 1024827
957733 988748 996561 997782 997782 997923 997923 997923 997923 997923 999131 999131 999131 999131 999131 999131 999131 1001141 1001141 1001141 1001141 1001141 1001141 1001141 1001141 1001141 1001141 1001141 1001141 1001141 1001141 1001141 1001141 1001141 1001141 1001141 1001141 1001141 1001141 1001141

GA1 Results:
984464 1007226 1020304 1033478 1054205 1054205 1054205 1054205 1056529 1056529 1063306 1071524 1071524 1074269 1074269 1074269 1079270 1081114 1084195 1085485 1086327 1088663 1088663 1090805 1090805 1090805 1090805 1090805 1090805 1091105 1093137 1093137 1094117 1094117 1094342 1094342 1094342 1094342 1094342 1094342
938943 1001765 1024816 1024816 1043925 1043925 1043925 1052062 1052062 1053437 1053437 1053437 1058568 1065171 1070659 1070659 1070659 1070659 1070659 1076811 1077666 1080748 1080748 1080748 1083590 1083590 1084619 1085814 1087081 1088169 1088169 1089169 1090941 1091091 1093541 1094291 1094291 1094511 1094511 1094511
962390 1004249 1027867 1033506 1033506 1034057 1036393 1036755 1050224 1054679 1054679 1064808 1064808 1064808 1065541 1071088 1072731 1072731 1074617 1078433 1083996 1083996 1083996 1084118 1085379 1085379 1085909 1087002 1087879 1089334 1089959 1090129 1090944 1092004 1092755 1093215 1093465 1094290 1094290 1094290
973468 1007341 1027077 1027077 1035172 1042988 1051257 1051257 1057659 1059893 1059893 1067621 1067621 1067621 1067621 1067621 1072065 1072065 1072065 1073966 1076026 1077340 1081497 1082302 1084417 1091665 1091665 1094004 1094004 1094004 1094004 1094544 1094544 1094544 1094544 1094544 1094544 1094544 1094544 1094544
941674 984671 992561 1005541 1023093 1032366 1032366 1046455 1053907 1053907 1058026 1065286 1065286 1065286 1075213 1075547 1075547 1075547 1075547 1077300 1081383 1081383 1082680 1084751 1084751 1084751 1084751 1087976 1088546 1089316 1091135 1092925 1092925 1093245 1093245 1093245 1093245 1093245 1093245 1093245
1000137 1011508 1017637 1033879 1035317 1035997 1043100 1043100 1043944 1049870 1049870 1063314 1063314 1063314 1065475 1065475 1068620 1070319 1074317 1074950 1074950 1077262 1083359 1083359 1083359 1089484 1089484 1089484 1093505 1093505 1093945 1094283 1094597 1094597 1094597 1094597 1094597 1094597 1094692 1094692
973669 1001480 1019458 1040737 1047025 1047415 1047415 1047415 1047415 1056823 1060945 1060945 1060945 1060945 1066125 1066125 1066482 1078251 1078251 1078287 1080564 1082288 1084762 1084762 1084762 1085522 1085522 1089324 1089929 1089929 1089944 1090669 1090669 1090970 1090970 1090970 1090970 1090970 1090970 1090995
963328 1010676 1037499 1037499 1040840 1040840 1054022 1055877 1056201 1056201 1057554 1068394 1068394 1068394 1068394 1075775 1076315 1076765 1077215 1077876 1087012 1087012 1087012 1087012 1087012 1088392 1088392 1089062 1089522 1091257 1091977 1092727 1093489 1093856 1094450 1094516 1094961 1094961 1094961 1094961
945039 993755 1012179 1022664 1032189 1032189 1038992 1038992 1051918 1052734 1060474 1060474 1072852 1072852 1074307 1079015 1079015 1079015 1080990 1080990 1080990 1083385 1086227 1086227 1087870 1087870 1089359 1089745 1090739 1091739 1091739 1092049 1093291 1093674 1094041 1094041 1094041 1094041 1094041 1094041
935806 998724 1011494 1030937 1034099 1034379 1036150 1068629 1068629 1068629 1074382 1074382 1074382 1080427 1080427 1080427 1083519 1083519 1083519 1083519 1084252 1084252 1084252 1088127 1088127 1088127 1088650 1089072 1090462 1091130 1091130 1091418 1093455 1093455 1093455 1093455 1093455 1093705 1093705 1093705
961762 1014248 1018516 1035185 1038219 1040725 1041185 1048895 1055055 1055055 1056083 1065125 1074224 1074224 1074224 1074224 1074224 1076428 1076428 1084087 1084087 1084087 1084087 1084087 1084087 1085304 1086279 1087899 1088104 1089824 1089824 1090944 1090949 1091924 1092441 1092441 1092441 1092441 1092441 1092511
950014 985146 1023296 1045129 1045129 1045384 1045384 1047349 1054647 1054647 1056330 1056330 1062510 1062510 1062510 1067246 1068654 1068654 1070757 1073299 1073299 1077587 1081764 1081764 1081764 1085708 1085708 1087271 1088998 1092895 1093435 1093435 1093730 1093730 1093950 1093950 1093950 1093950 1093950 1093950
965392 994010 1021654 1035824 1035824 1043979 1054206 1054206 1062305 1062305 1063637 1063637 1069499 1069499 1072189 1076473 1076473 1080832 1080832 1080832 1080832 1080832 1085254 1085254 1085254 1085254 1085254 1086199 1087334 1087799 1089074 1089074 1089074 1089074 1089074 1089074 1090419 1090419 1090419 1090419
943591 998877 1023445 1045458 1045458 1045458 1062114 1062114 1065009 1069779 1069779 1069779 1069779 1075611 1075611 1076201 1076201 1080013 1080836 1084437 1084794 1084997 1085769 1088325 1088325 1088325 1088415 1089414 1089414 1089414 1089539 1090335 1092514 1092881 1092881 1092881 1093946 1094391 1094931 1094931
960251 997831 1022073 1023688 1034768 1044738 1044738 1044738 1050041 1050041 1059714 1059714 1065446 1065446 1065446 1066329 1066557 1066557 1078392 1078392 1078392 1080294 1082630 1082741 1085114 1088351 1090044 1090044 1093339 1093339 1093706 1094019 1094386 1094386 1094386 1094386 1094386 1094386 1094386 1094386
940014 1011728 1034401 1046332 1046332 1046332 1048162 1049420 1053731 1053952 1055930 1063187 1063543 1065160 1067315 1070962 1071472 1078420 1078420 1078420 1083679 1083679 1083679 1086850 1086850 1086850 1087779 1087779 1088419 1088869 1088869 1088869 1088929 1088929 1089455 1089455 1089455 1089455 1089775 1089775
940918 982484 1001824 1018488 1027203 1030483 1036945 1036945 1041630 1045744 1048100 1058969 1058969 1067068 1067887 1068445 1068445 1073190 1078318 1078318 1078318 1078318 1080614 1082122 1082827 1087175 1087175 1087356 1089705 1091568 1091568 1092700 1092895 1092895 1093355 1093355 1093355 1093355 1093355 1093355
942826 991952 1007356 1015195 1029243 1032176 1046344 1047603 1047603 1055481 1057795 1058903 1060515 1066842 1074164 1074164 1076236 1076236 1076236 1078491 1079641 1080246 1080686 1082204 1087096 1088252 1088252 1088252 1088252 1089866 1089866 1090852 1092287 1092287 1092287 1092287 1092287 1092287 1092287 1092287
964085 1012928 1025154 1035437 1036350 1046094 1057599 1057599 1057599 1067765 1067765 1067765 1067765 1072351 1072351 1072351 1075699 1075699 1080230 1080230 1082896 1082896 1084568 1085847 1090695 1090695 1090980 1091560 1091927 1092340 1092340 1092927 1095382 1095382 1095382 1095382 1095382 1095382 1095382 1095382
959570 990049 1017679 1034393 1041941 1057832 1057832 1057832 1057832 1057832 1065931 1065931 1069337 1069337 1069337 1070129 1072533 1074103 1080959 1080959 1083664 1084594 1084594 1084594 1084594 1084961 1086655 1087567 1088633 1091369 1091369 1092719 1093855 1094442 1094891 1094891 1094891 1094891 1094891 1095141
963900 982230 1028011 1038454 1043760 1047176 1056401 1056401 1057787 1057787 1057787 1065876 1071873 1071873 1080218 1080218 1080218 1080511 1080511 1080511 1082281 1085460 1086386 1087986 1088394 1088866 1091544 1091544 1091544 1091969 1092951 1094086 1094546 1094847 1094847 1094847 1094847 1094847 1094847 1094847
958186 1017347 1046301 1046301 1057329 1057329 1065107 1067001 1067001 1067308 1069016 1069016 1072126 1072126 1072864 1072864 1078708 1078708 1078708 1078708 1078815 1080633 1083045 1085424 1085424 1085424 1086917 1091102 1091562 1091562 1091562 1091863 1091863 1092323 1093285 1093525 1094358 1094458 1094458 1094458
957926 1002435 1019068 1028880 1042349 1042959 1042959 1047072 1050044 1050044 1059070 1064089 1068338 1068338 1071300 1071300 1076598 1076598 1076598 1076598 1077648 1081054 1081054 1082785 1083357 1083914 1086809 1088244 1089008 1089328 1089695 1091300 1091300 1091300 1093750 1093750 1093750 1093750 1093750 1093750
977138 999633 1003722 1017246 1028775 1029759 1031202 1046214 1048859 1048859 1061544 1068150 1068379 1068379 1068572 1073910 1073910 1082050 1082050 1082050 1082169 1083838 1083838 1086712 1086712 1090904 1090904 1091665 1092375 1092375 1092742 1093390 1093390 1093390 1093757 1093977 1093977 1093977 1094297 1094297
957192 985715 1016968 1036466 1036466 1042161 1042935 1055479 1055479 1058719 1058719 1063819 1063819 1068945 1068945 1068945 1073371 1073371 1075011 1076409 1080611 1084158 1084158 1084398 1085225 1085836 1089069 1089069 1089669 1091459 1092399 1094192 1094192 1094192 1094192 1094192 1094192 1094192 1094192 1094192
936307 976191 994107 1017794 1029824 1033743 1042273 1043518 1053149 1053149 1054651 1063792 1063792 1065699 1068415 1069568 1072686 1074676 1079785 1079928 1083327 1083327 1086439 1087053 1088660 1088660 1088974 1089717 1090872 1091074 1092177 1092177 1092882 1092882 1092882 1092882 1092882 1092882 1092882 1092882
954020 998232 1027460 1036250 1038210 1038210 1047517 1048362 1050057 1058195 1058440 1063366 1069986 1069986 1074819 1075400 1077087 1077087 1077087 1077435 1081555 1081555 1081735 1082247 1086490 1087716 1087716 1088287 1088635 1089203 1089695 1091360 1091924 1092639 1092709 1092709 1093459 1093604 1093604 1093684
969139 1009862 1013131 1024655 1038011 1040227 1040227 1043644 1053677 1053677 1053677 1054609 1054609 1064264 1064264 1064264 1073340 1074404 1077379 1077379 1079872 1079872 1083197 1086729 1086729 1086729 1088849 1088992 1089377 1089964 1090894 1092483 1092483 1092483 1092686 1092851 1092851 1094736 1094736 1094736
979012 1003990 1026043 1027598 1037124 1049391 1051762 1063783 1064200 1064200 1065244 1065244 1068170 1071678 1071678 1071678 1076497 1076497 1076497 1077332 1077332 1077332 1083840 1083840 1085581 1088181 1089197 1090687 1090687 1091532 1091752 1091977 1092285 1092285 1092407 1092632 1092852 1092852 1092952 1092952
951306 989023 1014372 1026216 1044493 1044493 1058550 1058550 1058550 1058550 1064155 1064155 1064155 1064155 1064919 1067895 1073577 1073577 1073577 1076503 1078248 1082102 1082102 1082102 1084193 1088109 1088109 1091182 1092915 1092915 1093959 1093959 1093959 1094670 1094670 1094670 1094670 1094670 1094670 1094670

BPSO2 Results:
954738 990019 1000403 1000403 1000403 1000403 1000403 1000403 1000403 1000403 1000403 1000403 1000403 1000403 1000403 1000403 1000403 1000403 1000403 1000403 1013699 1013699 1013699 1013699 1013699 1013699 1013699 1013699 1013699 1013699 1013699 1013699 1013699 1013699 1013699 1013699 1013699 1013699 1013699 1013699
971088 996043 1016794 1016794 1016794 1016794 1016794 1016794 1016794 1016794 1016794 1016794 1016794 1016794 1016794 1016794 1016794 1016794 1016794 1016794 1016794 1016794 1016794 1016794 1016794 1016794 1016794 1016794 1016794 1016794 1016794 1016794 1016794 1016794 1016794 1016794 1016794 1016794 1016794 1016794
963052 991059 991059 991059 991059 994094 1003156 1003156 1003156 1003156 1003156 1003156 1003156 1003156 1003156 1003156 1003156 1003965 1003965 1003965 1003965 1004649 1004649 1004649 1004649 1004649 1004649 1004649 1004649 1004649 1004649 1004649 1004649 1004649 1004649 1004649 1004649 1004649 1004649 1004649
944608 975891 982516 1001013 1001013 1001013 1010017 1010017 1010017 1013579 1013579 1013579 1013579 1013579 1013579 1013579 1013579 1013579 1013579 1013579 1013579 1013579 1013579 1013579 1013579 1013579 1013579 1013579 1013579 1013579 1013579 1013579 1013579 1013579 1013579 1013579 1013579 1013579 1013579 1013579
969683 975573 983550 1011952 1011952 1013218 1013218 1013218 1013218 1013218 1013218 1013218 1013218 1013218 1013218 1013218 1013218 1013218 1013218 1013218 1013218 1013218 1013218 1013218 1013218 1013218 1013218 1013218 1013218 1013218 1013218 1013218 1013218 1013218 1013218 1013218 1013218 1013218 1013218 1013218
968106 1002478 1002478 1002478 1002478 1002478 1015914 1015914 1015914 1015914 1015914 1015914 1015914 1015914 1015914 1015914 1015914 1015914 1015914 1015914 1015914 1015914 1015914 1015914 1015914 1015914 1015914 1015914 1015914 1015914 1015914 1015914 1015914 1015914 1015914 1015914 1015914 1015914 1015914 1015914
924834 994586 1007968 1021178 1032054 1032054 1032054 1032054 1032054 1032054 1032054 1032054 1032054 1032054 1032054 1032054 1032054 1032054 1032054 1032054 1032054 1032054 1032054 1032054 1032054 1032054 1032054 1032054 1032054 1032054 1032054 1032054 1032054 1032054 1032054 1032054 1032054 1032054 1032054 1032054
962585 983208 989268 1002346 1002346 1002346 1005963 1010917 1010917 1010917 1010917 1010917 1010917 1010917 1010917 1010917 1010917 1010917 1010917 1010917 1010917 1010917 1010917 1010917 1010917 1010917 1010917 1010917 1010917 1010917 1010917 1010917 1010917 1010917 1010917 1010917 1010917 1010917 1010917 1010917
946453 1000706 1000706 1003934 1006127 1010975 1014645 1014645 1014645 1014645 1014645 1014645 1014645 1014645 1014645 1014645 1014645 1014645 1014645 1014645 1014645 1014645 1014645 1014645 1014645 1014645 1014645 1014645 1014645 1014645 1014645 1014645 1014645 1014645 1014645 1014645 1014645 1014645 1014645 1014645
956193 961617 964533 980914 1016687 1016687 1016687 1016687 1016687 1016687 1016687 1016687 1019022 1019022 1019022 1019022 1019022 1019022 1019022 1019022 1019022 1019022 1019022 1019022 1019022 1019022 1019022 1019022 1019022 1019022 1019022 1019022 1019022 1019022 1019022 1019022 1019022 1019022 1019022 1019022
969433 999927 999927 999927 999927 999927 999927 999927 999927 999927 1001277 1001277 1001277 1001277 1001277 1001277 1001277 1001277 1001277 1001277 1001277 1001277 1001277 1001277 1001277 1001277 1001277 1001277 1001277 1001277 1001277 1001277 1001277 1001277 1001277 1001277 1001277 1001277 1001277 1001277
965417 998500 998500 998500 998500 1021865 1021865 1021865 1021865 1021865 1021865 1021865 1021865 1021865 1021865 1021865 1021865 1021865 1021865 1021865 1021865 1021865 1021865 1021865 1021865 1021865 1021865 1021865 1021865 1021865 1021865 1021865 1021865 1021865 1021865 1021865 1021865 1021865 1021865 1021865
956361 994632 994632 994632 994632 994632 994632 1004011 1004011 1004011 1004011 1004011 1016996 1016996 1016996 1016996 1016996 1016996 1016996 1016996 1016996 1016996 1016996 1016996 1016996 1016996 1016996 1016996 1016996 1016996 1016996 1016996 1016996 1016996 1016996 1016996 1016996 1016996 1016996 1016996
938049 976950 979092 981167 998999 998999 998999 998999 1023251 1023251 1023251 1023251 1023251 1023251 1023251 1023251 1023251 1023251 1023251 1023251 1023251 1023251 1023251 1023251 1023251 1023251 1023251 1023251 1023251 1023251 1023251 1023251 1023251 1023251 1023251 1023251 1023251 1023251 1023251 1023251
990199 991555 1013118 1013118 1013118 1013118 1013118 1013118 1013118 1013118 1013118 1013118 1013118 1013118 1013118 1016987 1016987 1016987 1016987 1016987 1016987 1016987 1016987 1016987 1016987 1016987 1016987 1016987 1016987 1016987 1016987 1016987 1016987 1016987 1016987 1016987 1016987 1016987 1016987 1016987
969328 974986 1020245 1028321 1028321 1028321 1028321 1028321 1028321 1028321 1028321 1028321 1028321 1028321 1028321 1028321 1028321 1028321 1028321 1028321 1028321 1028321 1028321 1028321 1028321 1028321 1028321 1028321 1028321 1028321 1028321 1028321 1028321 1028321 1028321 1028321 1028321 1028321 1028321 1028321
956270 980018 1005015 1005015 1006553 1006553 1006553 1006553 1006553 1006553 1006553 1006553 1006553 1006553 1006553 1006553 1006553 1006553 1006553 1006553 1006553 1006553 1006553 1006553 1006553 1006553 1006553 1006553 1006553 1006553 1006553 1006553 1006553 1006553 1006553 1006553 1006553 1006553 1006553 1006553
975415 983610 983610 986148 994280 994280 994280 1003337 1003337 1009057 1009057 1009057 1009057 1009057 1009057 1009057 1009057 1009057 1009057 1009057 1009057 1009057 1009057 1009057 1009057 1009057 1009057 1009057 1009057 1009057 1009057 1009057 1009057 1009057 1009057 1009057 1009057 1009057 1009057 1009057
941968 1017438 1017438 1020263 1020263 1020993 1020993 1020993 1020993 1020993 1020993 1020993 1020993 1020993 1020993 1020993 1020993 1020993 1020993 1020993 1020993 1020993 1020993 1020993 1020993 1020993 1020993 1020993 1020993 1020993 1020993 1020993 1020993 1020993 1020993 1020993 1020993 1020993 1020993 1020993
946817 996904 996904 996904 1009834 1009834 1009834 1009834 1009834 1009834 1009834 1009834 1009834 1009834 1009834 1009834 1009834 1009834 1009834 1009834 1009834 1009834 1009834 1009834 1009834 1009834 1009834 1009834 1009834 1009834 1009834 1009834 1009834 1009834 1009834 1009834 1009834 1009834 1009834 1009834
960935 1015806 1025074 1025074 1025074 1025074 1025074 1025074 1025074 1025074 1025074 1025074 1025074 1025074 1025074 1025074 1025074 1025074 1025074 1025074 1025074 1025074 1025074 1025074 1025074 1025074 1025074 1025074 1025074 1025074 1025074 1025074 1025074 1025074 1025074 1025074 1025074 1025074 1025074 1025074
955343 989014 1004983 1004983 1004983 1031046 1031046 1031046 1031046 1031046 1031046 1031046 1031046 1031046 1031046 1031046 1031046 1031046 1031046 1031046 1031046 1031046 1031046 1031046 1031046 1031046 1031046 1031046 1031046 1031046 1031046 1031046 1031046 1031046 1031046 1031046 1031046 1031046 1031046 1031046
954524 984660 1004068 1004068 1004068 1004068 1004068 1006942 1006942 1006942 1006942 1006942 1006942 1006942 1006942 1006942 1006942 1006942 1006942 1006942 1006942 1006942 1006942 1006942 1006942 1006942 1006942 1006942 1006942 1006942 1006942 1006942 1006942 1006942 1006942 1006942 1006942 1006942 1006942 1006942
958252 970418 993818 993818 993818 993818 1002546 1005694 1017742 1017742 1017742 1017742 1017742 1017742 1017742 1017742 1017742 1017742 1017742 1017742 1017742 1017742 1017742 1017742 1017742 1017742 1017742 1017742 1017742 1017742 1017742 1017742 1017742 1017742 1017742 1017742 1017742 1017742 1017742 1017742
988517 988517 1005998 1005998 1005998 1005998 1005998 1005998 1005998 1009067 1009067 1009067 1009067 1009067 1009067 1009067 1009067 1009067 1009067 1009067 1009067 1009067 1009067 1009067 1009067 1009067 1014090 1014090 1014090 1014090 1014090 1014090 1014090 1014090 1014090 1014090 1014090 1014090 1014090 1014090
942126 965082 989873 989873 989873 1012003 1012003 1012003 1012003 1012003 1012003 1012003 1012003 1012003 1012003 1012003 1012003 1012003 1012003 1012003 1012003 1012003 1012003 1012003 1012003 1012003 1012003 1012003 1012003 1012003 1012003 1012003 1012003 1012003 1012003 1012003 1012003 1012003 1012003 1012003
988320 988320 993604 993604 993604 1015425 1015528 1015528 1015528 1015528 1015528 1015528 1015528 1015528 1015528 1015528 1015528 1015528 1015528 1015528 1015528 1015528 1015528 1015528 1015528 1015528 1015528 1015528 1015528 1015528 1015528 1015528 1015528 1015528 1015528 1015528 1015528 1015528 1015528 1015528
951750 982574 982574 982574 1004343 1004343 1004343 1004343 1004343 1004343 1004343 1004343 1004343 1004343 1004343 1004343 1004343 1004343 1004343 1004343 1004343 1004343 1004343 1004343 1004343 1004343 1004343 1004343 1004343 1004343 1004343 1004343 1004343 1004343 1004343 1004343 1004343 1004343 1004343 1004343
951980 992097 998501 998501 998501 998501 998501 998501 998501 998501 998501 998501 998501 998501 998501 998501 998501 998501 998501 998501 998501 998501 998501 998501 998501 998501 998501 998501 998501 998501 998501 998501 998501 998501 998501 998501 998501 998501 998501 998501
962702 978605 991922 991922 991922 1013420 1013420 1013420 1027801 1027801 1027801 1027801 1027801 1027801 1027801 1027801 1027801 1027801 1027801 1027801 1027801 1027801 1027801 1027801 1027801 1027801 1027801 1027801 1027801 1027801 1027801 1027801 1027801 1027801 1027801 1027801 1027801 1027801 1027801 1027801

GA2 Results:
1045497 1069157 1076342 1078707 1079832 1080050 1081840 1082622 1082622 1082622 1082622 1082622 1082622 1082676 1082676 1082676 1082676 1086379 1086379 1086379 1086379 1088660 1088660 1088660 1088660 1088670 1088670 1088885 1088885 1088885 1088885 1088885 1089160 1090945 1091300 1091400 1091400 1091400 1091400 1091400
1051647 1077358 1081127 1081494 1081494 1081494 1081953 1081953 1081953 1084717 1084717 1084717 1084912 1084912 1084912 1085157 1085157 1085157 1085157 1085157 1086936 1088027 1088567 1088567 1089092 1089092 1089092 1089092 1089092 1089092 1089192 1089387 1089567 1089567 1089567 1090297 1090297 1090297 1090297 1090297
1049476 1065421 1067989 1067989 1069844 1075984 1075984 1077346 1077346 1077346 1077346 1080325 1082893 1082893 1088056 1090601 1090601 1090601 1090601 1090601 1090601 1090601 1090601 1090601 1090601 1090831 1090831 1090831 1091166 1091639 1091639 1091639 1092409 1092810 1092860 1093099 1093282 1093282 1093282 1093282
1054291 1079487 1079787 1079787 1079787 1080554 1080554 1081456 1081456 1083032 1083032 1083032 1083032 1083032 1085436 1090527 1090527 1090527 1090527 1090527 1090527 1090762 1090762 1090762 1090862 1090862 1090987 1090987 1090992 1091392 1091987 1091987 1091987 1091987 1091987 1091987 1091987 1091987 1091987 1091987
1047685 1071108 1077291 1077291 1077831 1077831 1081776 1084532 1084532 1084532 1084532 1084532 1085087 1085862 1085862 1085862 1085862 1085862 1088610 1091572 1091572 1091572 1091572 1091572 1091572 1091572 1091572 1091572 1091572 1091572 1091572 1091572 1091572 1091572 1091572 1091572 1091572 1091572 1091572 1091572
1053713 1067337 1067337 1071728 1072628 1072809 1075377 1082947 1084737 1084737 1084737 1084737 1084737 1086142 1086142 1086431 1089225 1089592 1089592 1089592 1089592 1089592 1089812 1089812 1089812 1092271 1092271 1092271 1093272 1093272 1093272 1093651 1093651 1093651 1093651 1093651 1093651 1093651 1093651 1093651
1053977 1067064 1067186 1073390 1079312 1079312 1081102 1081102 1081102 1081102 1081102 1081102 1081476 1081929 1083649 1083649 1083649 1084304 1086695 1087571 1087817 1087817 1087817 1087817 1087817 1088767 1088767 1088767 1088767 1088767 1088767 1089047 1089047 1089047 1089047 1089272 1089272 1089272 1089272 1089272
1054945 1068683 1075134 1078244 1078244 1079812 1080507 1080507 1082615 1082615 1082615 1082615 1082615 1082615 1084947 1084947 1086540 1086540 1086540 1088439 1088911 1088911 1088911 1088911 1088911 1088911 1088911 1088911 1088911 1088911 1088911 1088911 1088911 1088911 1088911 1088911 1089566 1089844 1090124 1090574
1044532 1058045 1065442 1065442 1065442 1065442 1065442 1077325 1077325 1077325 1077917 1082077 1084107 1084107 1084227 1084227 1084842 1086592 1087022 1087022 1087022 1087022 1088127 1088127 1088127 1088127 1088127 1089437 1089437 1089437 1089437 1089437 1089492 1089492 1089492 1089492 1090322 1090322 1090322 1090322
1033735 1064083 1069306 1075261 1075561 1080846 1080846 1084421 1085300 1086051 1086447 1086447 1086447 1086447 1086447 1090101 1090101 1090101 1090101 1090101 1090101 1090101 1090302 1090302 1090676 1090676 1090676 1090676 1092752 1092752 1092752 1092832 1092832 1092832 1092832 1092832 1092982 1092982 1092982 1092982
1048112 1074694 1074694 1075469 1077098 1081456 1081456 1081456 1083229 1083229 1083229 1083345 1083345 1083737 1083737 1083737 1083737 1084685 1084685 1085343 1086702 1086702 1086702 1086702 1086702 1086702 1086717 1086717 1086887 1086887 1086887 1086887 1087165 1087165 1087165 1087165 1087165 1087165 1087165 1087165
1051246 1068110 1078761 1080901 1080901 1080901 1081953 1081953 1081953 1084765 1085890 1085890 1085890 1085890 1085890 1085890 1085890 1085890 1086552 1086830 1086830 1088197 1088197 1088775 1088775 1088775 1088775 1088775 1088775 1088810 1088960 1088960 1088960 1088960 1088960 1088960 1088960 1088960 1088960 1088960
1030822 1064511 1074321 1080551 1080551 1080851 1082862 1082862 1082862 1082862 1082862 1083725 1083725 1085247 1085247 1085247 1085914 1086675 1086675 1087371 1087497 1089330 1089330 1089330 1089330 1089330 1089330 1089387 1089387 1089392 1089542 1089567 1089567 1089567 1089567 1089567 1089567 1089567 1089567 1089567
1049147 1078972 1083229 1083229 1083229 1083229 1083229 1083229 1083229 1084854 1084854 1084854 1084854 1086246 1086246 1086246 1086366 1086366 1086366 1086632 1088706 1088706 1088706 1090091 1090091 1090766 1090766 1090766 1090766 1090766 1090766 1090781 1091001 1091001 1091001 1091001 1091001 1091001 1091001 1091001
1041696 1064762 1068675 1071040 1083979 1086547 1086547 1086547 1086547 1086547 1086547 1086547 1086607 1086607 1086607 1086607 1089390 1089390 1089390 1089390 1089390 1089390 1089390 1089390 1089390 1089390 1089390 1090205 1090205 1090205 1090205 1090205 1090630 1090630 1090630 1090630 1090630 1090630 1090630 1090630
1048507 1065294 1068744 1071323 1081484 1082228 1083383 1083618 1083618 1083618 1083618 1083618 1086822 1086822 1086822 1086822 1086822 1087027 1087027 1087027 1088862 1090157 1090157 1090157 1090157 1090257 1090257 1090257 1090257 1090257 1090257 1090257 1090257 1090257 1090257 1090257 1090257 1090257 1090257 1090257
1035321 1059229 1068325 1076742 1076742 1076742 1079968 1082999 1082999 1082999 1085234 1085466 1088255 1088255 1088255 1088255 1088255 1088255 1088255 1088255 1088255 1090082 1090082 1090082 1091447 1091447 1091447 1091447 1091447 1091447 1091447 1091447 1091447 1091447 1091447 1091447 1091447 1091447 1091447 1091447
1025311 1052127 1063577 1066027 1070561 1071311 1078275 1085285 1086770 1087215 1087215 1087215 1087946 1089246 1089246 1089246 1089246 1089246 1090446 1090446 1090446 1091446 1091446 1091446 1091851 1091851 1092101 1092101 1092101 1092101 1092101 1092101 1092101 1092276 1092276 1092276 1092276 1092276 1092276 1092276
1047991 1062568 1070062 1071470 1074121 1078705 1081095 1081095 1081095 1081095 1081095 1083045 1083045 1083567 1083567 1086313 1086313 1086853 1086853 1086853 1086853 1087287 1087287 1087587 1087587 1088892 1089227 1089227 1089577 1089692 1090232 1090232 1090382 1090382 1090382 1090532 1090532 1090532 1090532 1090532
1048120 1068586 1071960 1072477 1073800 1076825 1079240 1079332 1079332 1079332 1079332 1080673 1084435 1084435 1084435 1085096 1087487 1087487 1087487 1087487 1087780 1088187 1089950 1089950 1089950 1089950 1089950 1089950 1090710 1090820 1090820 1090895 1091245 1091245 1092349 1093004 1093305 1093305 1093305 1093305
1042919 1075503 1075503 1084051 1084051 1084051 1086486 1086946 1086946 1086946 1088797 1088797 1088797 1088797 1088797 1088797 1088797 1088797 1088797 1088797 1088797 1088797 1088797 1088937 1089747 1089747 1090821 1091029 1092167 1092212 1092659 1092857 1092857 1092857 1092857 1092857 1092857 1092857 1092857 1092857
1041745 1062379 1072497 1077940 1077940 1077940 1077940 1077940 1077940 1080847 1082915 1084675 1085640 1085640 1085640 1085640 1085640 1085797 1086497 1087397 1088292 1088512 1088512 1088512 1088512 1089267 1089852 1089852 1090322 1090322 1090322 1090322 1090322 1090322 1090322 1090322 1090322 1090322 1090322 1090322
1043802 1069946 1075310 1075310 1082081 1085646 1085646 1085646 1085646 1085646 1085646 1087690 1087690 1087690 1087690 1089480 1089480 1089480 1089847 1091246 1091246 1091246 1091636 1091636 1091821 1091821 1092152 1092311 1092311 1092311 1092311 1092311 1092311 1092311 1092311 1092311 1092311 1092311 1092311 1092311
1052792 1066047 1071465 1076642 1080856 1080856 1080856 1083010 1083010 1084287 1087587 1087587 1087587 1087587 1087587 1087587 1087587 1088152 1088152 1088152 1088152 1088152 1088152 1088152 1088152 1089437 1089437 1089437 1089437 1089437 1089437 1089437 1089882 1090322 1090322 1090322 1090322 1090322 1090322 1090322
1047950 1067541 1068098 1073896 1082130 1082350 1082350 1082350 1082350 1082350 1083355 1083812 1083812 1083812 1083812 1085672 1086431 1088822 1088822 1088822 1088822 1088892 1088892 1088892 1088917 1088917 1090282 1090282 1090282 1090282 1090282 1090282 1090282 1090282 1090282 1090282 1090282 1090427 1090427 1090427
1061342 1071619 1071619 1075925 1080464 1080464 1080464 1080464 1081015 1081015 1081015 1081015 1081087 1087115 1087115 1087115 1087115 1087115 1087115 1087115 1087115 1087115 1087115 1088000 1088767 1088767 1091244 1091244 1091244 1091244 1091244 1091244 1092005 1093043 1093410 1093410 1093410 1093410 1093410 1093410
1057322 1072007 1072007 1072007 1072007 1072007 1072007 1074832 1077247 1080627 1080627 1080627 1080627 1080722 1081777 1085557 1085927 1085997 1085997 1087617 1087617 1087617 1087617 1087617 1087617 1087937 1087937 1088187 1088187 1088187 1088917 1088917 1088917 1089195 1089195 1089195 1089195 1089195 1089195 1089195
1045569 1078024 1078391 1079804 1079842 1082166 1085606 1085606 1085606 1085606 1087112 1088676 1088676 1088676 1088676 1088676 1088676 1088676 1089837 1089837 1091156 1091156 1091156 1091156 1091156 1091156 1091156 1091266 1092761 1092852 1093561 1093561 1093926 1093926 1093926 1093926 1093926 1093926 1093926 1093926
1030398 1065152 1071162 1073787 1075405 1077417 1077417 1077417 1082189 1086482 1086927 1086927 1086927 1086927 1086927 1086927 1086927 1086927 1086927 1087565 1089180 1089260 1089880 1089880 1090880 1091019 1091019 1091597 1091597 1091597 1091597 1091597 1091597 1091597 1091597 1091597 1091597 1091597 1091597 1091597
1050583 1073522 1073889 1073889 1073889 1073889 1073889 1073889 1081677 1081677 1081677 1081677 1085492 1085492 1088822 1088822 1088822 1088822 1088822 1088822 1088822 1088822 1088822 1088822 1088822 1088822 1088822 1088822 1088822 1088822 1088822 1088822 1088822 1088822 1088822 1088822 1088822 1088822 1088822 1088822

BPSO3 Results:
898472 954661 965167 976824 981853 981853 981853 981853 981853 981853 981853 981853 981853 981853 981853 981853 992957 992957 992957 992957 992957 992957 992957 992957 992957 992957 992957 992957 992957 992957 992957 992957 992957 992957 992957 992957 992957 992957 992957 992957
945130 951985 967548 972156 980090 981377 981377 981377 981377 981377 981377 989986 1010447 1010447 1010447 1010447 1010447 1010447 1010447 1010447 1010447 1010447 1010447 1010447 1010447 1010447 1010447 1010447 1010447 1010447 1010447 1010447 1010447 1010447 1010447 1010447 1010447 1010447 1010447 1010447
929894 1017693 1017693 1017693 1017693 1017693 1017693 1017693 1017693 1017693 1017693 1017693 1017693 1017693 1017693 1017693 1017693 1017693 1017693 1017693 1017693 1017693 1017693 1017693 1017693 1017693 1017693 1017693 1017693 1017693 1017693 1017693 1017693 1017693 1017693 1017693 1017693 1017693 1017693 1017693
945751 956161 959389 959389 965239 965239 968354 969536 977668 977668 980673 980673 980673 980673 980673 980673 980673 980673 980673 980673 980673 980673 980673 980673 980673 980673 980673 980673 980673 980673 980673 980673 980673 980673 980673 980673 980673 980673 980673 980673
894980 938173 947856 970226 970226 970226 982823 982823 982823 982823 982823 982823 982823 982823 982823 984780 984780 994304 994304 994304 994304 994304 994304 994304 994304 994304 994304 994304 994304 994304 994304 994304 994304 994304 994304 994304 994304 994304 994304 994304
906112 928491 954050 996296 996296 996296 996296 996296 996296 996296 996296 996296 996296 996296 996296 996296 996296 996296 996296 996296 997379 997379 997379 997379 997379 997379 997379 997379 997379 997379 997379 997379 997379 997379 997379 997379 997379 997379 997379 997379
918018 952672 994220 1024139 1024139 1024139 1024139 1024139 1024139 1024139 1024139 1024139 1024139 1024139 1024139 1024139 1024139 1024139 1024139 1024139 1024139 1024139 1024139 1024139 1024139 1024139 1024139 1024139 1024139 1024139 1024139 1024139 1024139 1024139 1024139 1024139 1024139 1024139 1024139 1024139
918155 960324 968683 968683 980966 980966 991829 991900 991900 991900 991900 991900 991900 991900 991900 991900 991900 991900 991900 991900 991900 991900 991900 991900 991900 991900 991900 991900 991900 991900 991900 991900 991900 991900 991900 991900 991900 991900 991900 991900
926320 968974 985482 985482 996282 996282 996282 996282 997522 997522 997522 997522 997522 997522 997522 997522 997522 997522 997522 997522 997522 997522 997522 997522 997522 997522 997522 997522 997522 997522 997522 997522 997522 997522 997522 997522 997522 997522 997522 997522
902963 932577 976270 976270 976270 1017565 1017565 1017565 1017565 1017565 1017565 1017565 1017565 1017565 1017565 1017565 1017565 1017565 1017565 1017565 1017565 1017565 1017565 1017565 1017565 1017565 1017565 1017565 1017565 1017565 1017565 1017565 1017565 1017565 1017565 1017565 1017565 1017565 1017565 1017565
945549 967970 994968 1009567 1009567 1009567 1009567 1010499 1010499 1010499 1010499 1010499 1010499 1010499 1010499 1010499 1010499 1010499 1010499 1010499 1010499 1010499 1010499 1010499 1010499 1010499 1010499 1010499 1010499 1010499 1010499 1010499 1010499 1010499 1010499 1010499 1010499 1010499 1010499 1010499
906819 978712 978712 978712 991483 991483 991483 991483 991483 991483 992528 992528 992528 992528 992528 992528 992528 992528 992528 992528 992528 992528 992528 992528 996674 996674 996674 996674 996674 996674 996674 996674 996674 996674 996674 996674 996674 996674 996674 996674
931135 969915 969915 969915 971813 978698 978698 1005224 1015427 1015427 1015427 1015427 1015427 1015427 1015427 1015427 1015427 1015427 1015427 1015427 1015427 1015427 1015427 1015427 1015427 1015427 1015427 1015427 1015427 1015427 1015427 1015427 1015427 1015427 1015427 1015427 1015427 1015427 1015427 1015427
936707 988005 988005 988005 989438 995592 995592 995592 995592 995592 995592 995592 996762 996762 1024017 1024017 1024017 1024017 1024017 1024017 1024017 1024017 1024017 1024017 1024017 1024017 1024017 1024017 1024017 1024017 1024017 1024017 1024017 1024017 1024017 1024017 1024017 1024017 1024017 1024017
882375 947824 956148 956691 956691 984774 984774 985255 1008376 1008376 1008376 1008376 1008376 1008376 1008376 1008376 1008376 1008376 1008376 1008376 1008376 1008376 1008376 1008376 1008376 1008376 1008376 1008376 1008376 1008376 1008376 1008376 1008376 1008376 1008376 1008376 1008376 1008376 1008376 1008376
968946 968946 974116 974116 974116 974116 988530 988530 988530 988530 988530 988530 988530 988530 990766 990766 990766 990766 990766 990766 990766 990766 990916 990916 990916 990916 990916 990916 990916 990916 990916 990916 990916 990916 990916 990916 990916 990916 990916 990916
900872 950870 981783 984617 984617 984617 984617 984617 985436 985436 993099 993099 993099 1006119 1006119 1006119 1006119 1006119 1006119 1006119 1006119 1006119 1006119 1006119 1006119 1006119 1006119 1006119 1006119 1006119 1006119 1006119 1006119 1006119 1006119 1006119 1006119 1006119 1006119 1006119
894957 979803 979803 979803 983364 996331 996331 1000458 1004442 1004442 1004442 1004442 1004442 1004442 1004442 1004442 1004442 1004442 1004442 1004442 1004442 1004442 1004442 1004442 1004442 1004442 1004442 1004442 1004442 1004442 1004442 1004442 1004442 1004442 1004442 1004442 1004442 1004442 1004442 1004442
935699 955822 955822 956345 983643 997362 997362 997362 997362 997362 997362 997362 997362 997362 997362 997362 1006704 1006704 1006704 1006704 1006704 1006704 1006704 1006704 1006704 1006704 1006704 1006704 1006704 1006704 1006704 1006704 1006704 1006704 1006704 1006704 1006704 1006704 1006704 1006704
914437 960872 982142 982142 982142 982142 982142 982142 1001986 1001986 1001986 1001986 1001986 1001986 1001986 1001986 1001986 1001986 1001986 1001986 1001986 1001986 1001986 1001986 1001986 1001986 1001986 1001986 1001986 1001986 1001986 1001986 1001986 1001986 1001986 1001986 1001986 1001986 1001986 1001986
922847 961025 992544 992544 992544 992544 992544 992544 992544 992544 992544 992544 992544 992544 992544 992544 992544 992544 992544 992544 992544 992544 996291 996291 996291 996291 996291 996291 996291 996291 996291 996291 996291 996291 996291 996291 996291 996291 996291 996291
899835 941370 977182 1012563 1012563 1012563 1012563 1012563 1012563 1012563 1012563 1012563 1012563 1012563 1012563 1012563 1012563 1012563 1012563 1012563 1012563 1012563 1012563 1012563 1012563 1012563 1012563 1012563 1012563 1012563 1012563 1012563 1012563 1012563 1012563 1012563 1012563 1012563 1012563 1012563
943069 951632 958917 983105 983105 983105 983105 983105 985992 985992 985992 985992 985992 985992 985992 985992 985992 985992 985992 985992 985992 985992 985992 1000173 1000173 1000173 1000173 1000173 1000173 1000173 1000173 1000173 1000173 1000173 1000173 1000173 1000173 1000173 1000173 1000173
915696 949055 949055 957699 977933 986637 986637 987354 987354 987354 987354 987354 987354 993630 993630 993630 993630 993630 993630 993630 993630 993630 993630 993630 993630 993630 993630 993630 993630 993630 993630 993630 993630 993630 993630 993630 993630 993630 993630 993630
931825 950984 999764 999764 999764 999764 999764 1017156 1017156 1017156 1017156 1017156 1017156 1017156 1017156 1017156 1017156 1017156 1017156 1017156 1017156 1017156 1017156 1017156 1017156 1017156 1017156 1017156 1017156 1017156 1017156 1017156 1017156 1017156 1017156 1017156 1017156 1017156 1017156 1017156
915727 957560 969593 971547 978527 978527 978527 978527 978527 978527 978527 978527 978527 978527 978527 978527 978527 978527 978527 982651 982651 982651 982651 982651 982651 982651 982651 982651 982651 982651 982651 982651 982651 982651 982651 982651 982651 982651 982651 982651
909184 991010 991010 991010 995680 995680 995680 995680 995680 995680 1006565 1006565 1006565 1006565 1006565 1006565 1006565 1006565 1006565 1006565 1006565 1006565 1006565 1006565 1006565 1006565 1006565 1006565 1006565 1006565 1006565 1006565 1006565 1006565 1006565 1006565 1006565 1006565 1006565 1006565
926567 950013 967661 967661 967661 970138 992281 992281 1008667 1008667 1008667 1008667 1008667 1008667 1008667 1008667 1008667 1008667 1008667 1008667 1008667 1008667 1008667 1008667 1008667 1008667 1008667 1008667 1008667 1008667 1008667 1008667 1008667 1008667 1008667 1008667 1008667 1008667 1008667 1008667
924819 961237 990887 990887 990887 990887 990887 990887 1000790 1000790 1000790 1000790 1000790 1000790 1000790 1000790 1000790 1000790 1000790 1000790 1000790 1000790 1000790 1000790 1000790 1000790 1000790 1000790 1000790 1000790 1000790 1000790 1000790 1000790 1000790 1000790 1000790 1000790 1000790 1000790
926655 938089 979227 993930 993930 996590 996590 996590 996590 1019958 1019958 1019958 1019958 1019958 1019958 1019958 1019958 1019958 1019958 1019958 1019958 1019958 1019958 1019958 1019958 1019958 1019958 1019958 1019958 1019958 1019958 1019958 1019958 1019958 1019958 1019958 1019958 1019958 1019958 1019958

GA3 Results:
1022576 1022576 1030561 1038328 1043055 1043055 1045253 1045253 1045253 1045253 1045253 1045253 1046935 1047276 1052350 1057993 1057993 1057993 1057993 1057993 1057993 1059311 1059311 1059311 1059311 1059311 1059311 1064547 1064547 1072535 1072535 1072535 1072535 1072535 1072535 1072535 1072535 1072535 1072535 1072535
984345 989222 1005683 1011298 1017805 1024477 1036190 1036190 1041447 1041447 1041447 1045868 1049928 1049928 1057173 1057173 1057173 1057173 1057173 1057173 1057173 1057173 1058127 1058127 1066391 1066391 1066391 1066391 1066391 1070706 1070706 1070706 1070706 1070706 1070706 1070706 1070706 1070706 1070706 1070706
973757 986096 1002887 1024504 1030318 1063189 1065427 1065427 1065427 1065427 1067986 1067986 1067986 1067986 1067986 1071869 1071869 1071869 1071869 1071869 1071869 1071869 1071869 1071869 1071869 1071869 1071869 1071869 1071869 1071869 1071869 1071869 1071869 1071869 1071869 1071869 1071869 1076115 1076115 1076115
985503 986818 1025283 1038257 1038257 1044655 1060342 1060342 1060342 1060342 1060342 1060342 1060342 1060342 1060342 1060342 1060342 1060342 1060342 1060342 1060342 1060342 1060342 1060342 1069148 1069148 1069148 1069148 1069148 1069148 1069148 1069148 1069148 1069148 1069148 1069148 1075471 1075471 1075471 1075471
963489 997452 1021969 1045838 1045838 1045838 1045838 1045838 1052538 1052538 1052538 1052538 1052538 1052538 1052538 1052538 1052538 1052538 1052538 1052538 1052538 1052538 1052538 1052538 1052538 1053399 1053399 1053399 1053399 1053399 1053399 1053463 1056384 1056384 1056384 1056384 1056384 1056384 1056384 1056384
975748 997859 1010854 1039307 1046135 1046135 1046135 1046135 1056426 1056426 1056426 1056426 1056426 1056426 1056426 1056426 1062196 1062196 1062196 1062196 1062599 1062599 1062599 1063503 1065708 1065708 1065708 1065708 1066669 1069574 1071651 1071651 1071651 1071651 1071651 1071651 1071651 1071651 1071651 1071651
930030 981520 995195 1010358 1033200 1034889 1053136 1053136 1053136 1053136 1053136 1056092 1056092 1056092 1059454 1059454 1059454 1059454 1064914 1064914 1064914 1064914 1064914 1064914 1064914 1064914 1064914 1064914 1064914 1064914 1064914 1064914 1064914 1064914 1064914 1065820 1065820 1065820 1073255 1073255
932049 1001454 1029129 1032815 1038185 1038185 1040987 1040987 1055179 1055179 1055179 1055179 1067125 1067125 1067125 1067125 1067125 1067125 1067125 1067125 1067125 1067125 1067125 1067125 1067125 1067125 1067125 1067125 1067125 1067125 1067125 1067125 1067125 1067125 1069093 1069093 1069093 1069093 1069093 1069093
944235 980500 993358 1003713 1022570 1034294 1038486 1041314 1041314 1047083 1049392 1049392 1049392 1053886 1053886 1053886 1053886 1056412 1056412 1061782 1061782 1061782 1061782 1061782 1062247 1062247 1062247 1062247 1062247 1063799 1063799 1063799 1065246 1065246 1067098 1067098 1067098 1067098 1067098 1067098
969776 994256 1018871 1034599 1035128 1050990 1050990 1050990 1050990 1050990 1050990 1050990 1057054 1057054 1057054 1057054 1057054 1057054 1057054 1057054 1063503 1063503 1063503 1063503 1063503 1063503 1063503 1063503 1063503 1063503 1063503 1063503 1063503 1063503 1063503 1063503 1066113 1066113 1066113 1066113
974450 987608 1019032 1024135 1028912 1028912 1036781 1036781 1046953 1046953 1046953 1046953 1052478 1052478 1052478 1052478 1052478 1052836 1052836 1052836 1054742 1054742 1056096 1059618 1059618 1059618 1059618 1059639 1059639 1059639 1059639 1059639 1062245 1062245 1062245 1062245 1070192 1070192 1070192 1070192
961750 995939 1010895 1029192 1037762 1040828 1044713 1044713 1044713 1044713 1044713 1051536 1051536 1053347 1053347 1053347 1057967 1057967 1058884 1058884 1058884 1058884 1058884 1061810 1061810 1061810 1061810 1063574 1063574 1064699 1065963 1065963 1065963 1065963 1069578 1069578 1069578 1069578 1069578 1069578
965844 992907 1016410 1023358 1033943 1033943 1049089 1049089 1049089 1049089 1049089 1049089 1049089 1054379 1054379 1054379 1054379 1054379 1054379 1054379 1054379 1054379 1054379 1061366 1061366 1062432 1062432 1062432 1065265 1065265 1065265 1066683 1066683 1066683 1066683 1066683 1069623 1071662 1071662 1071662
976359 1002561 1024712 1024712 1036084 1036084 1052347 1052347 1052347 1052347 1052347 1052347 1052347 1052347 1054613 1060187 1060187 1060187 1065212 1065309 1065309 1065309 1071649 1071649 1071649 1071649 1071649 1071649 1071649 1071649 1071649 1071649 1071649 1071649 1071649 1071649 1071649 1078602 1078602 1078602
971807 991041 997578 1028832 1030727 1033020 1035822 1038155 1038155 1042496 1061341 1061341 1061341 1061341 1061341 1061341 1061341 1061341 1061341 1064098 1065515 1065515 1065515 1065515 1065515 1065515 1065515 1065515 1065515 1065515 1069393 1069393 1069393 1069393 1069393 1069393 1069393 1075240 1075240 1075240
973446 1031983 1031983 1038748 1038748 1038748 1045724 1045724 1045724 1059667 1059667 1059667 1060462 1060462 1060462 1060462 1060462 1060462 1062884 1062884 1062884 1062884 1062884 1063990 1069349 1069349 1069349 1069349 1069349 1069349 1069349 1069349 1069349 1069349 1069349 1069349 1069349 1069349 1069349 1069349
956973 1007442 1013403 1032650 1032650 1032650 1037270 1053529 1053529 1057919 1057919 1057919 1057919 1057919 1058309 1058309 1058309 1058309 1058309 1058309 1058309 1058309 1058309 1058309 1058309 1059605 1059605 1059605 1059605 1059605 1059605 1065111 1065111 1065111 1065111 1065111 1065111 1065111 1065111 1065111
951911 986468 1017383 1033223 1033223 1034232 1034232 1034232 1034232 1036154 1036154 1036686 1040344 1044012 1044012 1047684 1055787 1055787 1061813 1061813 1061813 1062052 1062052 1062052 1062052 1062052 1062052 1062052 1062052 1062052 1063886 1072179 1072179 1072179 1072179 1072179 1072179 1072179 1072179 1072179
956564 993271 1009977 1014287 1016739 1029422 1049461 1049461 1049461 1050807 1057133 1057133 1057133 1057133 1059747 1061052 1061052 1061052 1061052 1064881 1064881 1064881 1064881 1067375 1067375 1068955 1068955 1068955 1073583 1073583 1073583 1073583 1073583 1073583 1073583 1073583 1073656 1073656 1073656 1073656
950801 980912 1019639 1019639 1028456 1045557 1045557 1052099 1055797 1055797 1055797 1055797 1055797 1055797 1055797 1059137 1059558 1059558 1059558 1059558 1059558 1064851 1064851 1064851 1064851 1064851 1064851 1064851 1064851 1064851 1070271 1070271 1070271 1070271 1070271 1070271 1070271 1070271 1070271 1070271
971632 997236 1022848 1030843 1031902 1040159 1040159 1046809 1046809 1046809 1046809 1046809 1059430 1059430 1059430 1059430 1059430 1059430 1059430 1059430 1059430 1059430 1059430 1059430 1059430 1059430 1059430 1059430 1059430 1059430 1059430 1059430 1059430 1059430 1060353 1065498 1065498 1065498 1065498 1065498
960948 1003364 1016435 1027449 1029347 1030291 1039716 1043664 1043664 1043664 1043664 1050455 1053036 1053036 1053036 1053036 1053956 1057975 1057975 1057975 1057975 1061052 1061052 1066103 1066103 1066103 1066103 1066103 1066103 1072360 1072360 1072360 1072360 1072360 1072360 1076679 1081387 1081387 1081387 1081387
976393 1003746 1016433 1019847 1033122 1033122 1033122 1044638 1048426 1049805 1049805 1049805 1049805 1055548 1055548 1055548 1059377 1059377 1059377 1059377 1059377 1061209 1065986 1069061 1069061 1069061 1069061 1069061 1069061 1069061 1069061 1069061 1069061 1069061 1071556 1071556 1071556 1071556 1071556 1071556
974879 1013131 1022145 1022145 1022145 1037753 1037753 1042399 1042399 1060694 1060694 1060694 1060694 1060694 1060694 1060694 1060694 1060694 1060694 1060694 1060694 1060694 1060694 1060953 1060953 1060953 1062631 1062631 1068905 1068905 1068905 1068905 1068905 1068905 1068905 1068905 1068905 1068905 1068905 1072052
961263 991247 999300 1021353 1021633 1030500 1037918 1040471 1040471 1044206 1044206 1054887 1054887 1054887 1054887 1054887 1054887 1056019 1056019 1057894 1061202 1061202 1061202 1061202 1061202 1061202 1061202 1061202 1061202 1067053 1067053 1067053 1067053 1067053 1073093 1073093 1073093 1073093 1073093 1076021
971377 1012204 1012448 1025735 1039755 1039755 1039755 1047557 1059928 1059928 1059928 1059928 1059928 1059928 1059928 1059928 1059928 1062051 1062051 1062051 1063812 1063812 1063812 1063812 1063812 1063812 1063812 1063812 1063812 1063812 1063812 1063812 1063812 1063812 1063812 1063812 1063812 1069276 1069276 1069276
994653 1001769 1017959 1025416 1025416 1034939 1043830 1043964 1043964 1050610 1050610 1050610 1050610 1050610 1050610 1050610 1050610 1056866 1056866 1056866 1057102 1057102 1062550 1062550 1065762 1065762 1065762 1065762 1065762 1065762 1065762 1065762 1065762 1065762 1065762 1065762 1065762 1065762 1065762 1065762
943924 997933 1018140 1018140 1036157 1036157 1036157 1045297 1047418 1047418 1051025 1051025 1061086 1063187 1063809 1063809 1063809 1064020 1064020 1064020 1064020 1064020 1064020 1064020 1064020 1064020 1064020 1064909 1064909 1064909 1064909 1064909 1069075 1069075 1069075 1069075 1069075 1069075 1069075 1069075
959700 1001678 1011865 1030007 1037625 1037625 1041468 1053424 1053424 1053424 1053424 1053424 1053424 1053424 1053424 1053424 1055889 1058857 1058857 1058857 1058857 1058857 1060365 1060365 1065518 1065518 1065518 1065518 1070406 1070406 1070406 1070406 1070406 1070406 1070406 1070406 1070406 1070406 1070406 1070406
960357 1007550 1019174 1024149 1033254 1045646 1045646 1045646 1047972 1066311 1066311 1066311 1066311 1066311 1066311 1066311 1066311 1066311 1066311 1066311 1066311 1074451 1074451 1074451 1074451 1074451 1074451 1074451 1074451 1074451 1074451 1074451 1074451 1074451 1074451 1074451 1074451 1074451 1074451 1074451

