MKP8 Results:
BPSO1 Results:
-18599999999999999853364 215233 215233 283441 283441 283441 283441 283441 283441 283441 283441 283441 283441 283441 283441 283441 283441 283441 283441 283441 283441 283441 283441 283441 283441 283441 283441 283441 283441 283441 283441 283441 283441 283441 283441 283441 283441 283441 283441 283441
-20399999999999999579062 -16199999999999999729503 -8999999999999999801239 238063 238063 238063 238063 238063 238063 238063 238063 238063 238063 238063 238063 238063 238063 238063 238063 238063 238063 238063 238063 238063 238063 238063 238063 238063 238063 238063 238063 238063 238063 238063 238063 238063 238063 238063 238063 238063
-22399999999999999703785 -10899999999999999652833 263705 263705 263705 263705 263705 263705 263705 263705 263705 263705 263705 263705 263705 263705 263705 263705 263705 263705 263705 263705 264434 264434 264434 264434 264434 264434 264434 264434 264434 264434 264434 264434 264434 264434 264434 264434 264434 264434
-8699999999999999710674 374618 385221 433330 433330 433330 433330 433330 433330 433330 433330 433330 433330 433330 433330 433330 433330 433330 433330 433330 433330 433330 433330 433330 433330 433330 433330 433330 433330 433330 433330 433330 433330 433330 433330 433330 433330 433330 433330 433330
-18799999999999999824784 -13499999999999999689283 -8599999999999999581644 -7999999999999999836566 -7999999999999999836566 -2499999999999999735656 -2499999999999999735656 -2499999999999999735656 -2499999999999999735656 -2499999999999999735656 -2499999999999999735656 -2499999999999999735656 -2499999999999999735656 -2499999999999999735656 -2499999999999999735656 -2499999999999999735656 -2499999999999999735656 -2499999999999999735656 -2499999999999999735656 -2499999999999999735656 -2499999999999999735656 -2499999999999999735656 -2499999999999999735656 -2499999999999999735656 -2499999999999999735656 -2499999999999999735656 -2499999999999999735656 -2499999999999999735656 -2499999999999999735656 -2499999999999999735656 -2499999999999999735656 -2499999999999999735656 -2499999999999999735656 -2499999999999999735656 -2499999999999999735656 -2499999999999999735656 -2499999999999999735656 -2499999999999999735656 -2499999999999999735656 -2499999999999999735656
-8699999999999999701343 149764 149764 227801 227801 227801 227801 273250 273250 273250 273250 273250 273250 273250 273250 273250 273250 273250 273250 273250 273250 273250 273250 273250 273250 273250 273250 273250 273250 273250 273250 273250 273250 273250 273250 273250 273250 273250 273250 273250
-26699999999999999630177 297592 345508 345508 372329 372329 372329 372329 372329 372329 372329 372329 372329 372329 372329 372329 372329 372329 372329 372329 372329 372329 372329 372329 372329 372329 372329 372329 372329 372329 372329 372329 372329 372329 372329 372329 372329 372329 372329 372329
-18499999999999999715463 -2199999999999999714232 309114 309114 320769 320769 320769 320769 320769 320769 320769 320769 320769 320769 320769 320769 320769 320769 320769 320769 320769 320769 320769 320769 320769 320769 320769 320769 320769 320769 320769 320769 320769 320769 320769 320769 320769 320769 320769 320769
-36999999999999999579079 -6199999999999999801866 -6199999999999999801866 -899999999999999756340 -899999999999999756340 -899999999999999756340 -899999999999999756340 -899999999999999756340 -899999999999999756340 -899999999999999756340 -899999999999999756340 -899999999999999756340 -899999999999999756340 -899999999999999756340 -899999999999999756340 -899999999999999756340 -899999999999999756340 -899999999999999756340 204726 204726 204726 204726 204726 204726 204726 204726 204726 204726 204726 204726 204726 204726 204726 204726 204726 204726 204726 204726 204726 204726
-14999999999999999797027 282002 301686 301686 385013 385013 385013 385013 385013 385013 385013 385013 385013 385013 385013 385013 385013 385013 385013 385013 385013 385013 385013 385013 385013 385013 385013 385013 385013 385013 385013 385013 385013 385013 385013 385013 385013 385013 385013 385013
-2399999999999999815803 -2399999999999999815803 -2399999999999999815803 -2399999999999999815803 284949 284949 284949 284949 284949 284949 284949 284949 284949 284949 284949 284949 284949 284949 284949 284949 284949 284949 284949 284949 284949 284949 284949 284949 284949 284949 284949 284949 284949 284949 284949 284949 284949 284949 284949 284949
-9599999999999999736788 -199999999999999737914 -199999999999999737914 243849 257018 353843 353843 353843 353843 353843 353843 353843 353843 353843 353843 353843 353843 353843 353843 353843 353843 353843 353843 353843 353843 353843 353843 353843 353843 353843 353843 353843 353843 353843 353843 353843 353843 353843 353843 353843
-29399999999999999566646 282429 282429 282429 282429 282429 282429 282429 282429 282429 282429 282429 282429 282429 282429 282429 282429 282429 282429 282429 282429 282429 282429 282429 282429 282429 282429 282429 282429 282429 282429 282429 282429 282429 282429 282429 282429 282429 282429 282429
-20699999999999999756633 241367 241367 241367 267898 267898 267898 267898 267898 267898 267898 267898 267898 267898 267898 267898 267898 267898 267898 267898 267898 267898 267898 267898 267898 267898 267898 267898 267898 267898 267898 267898 267898 267898 267898 267898 267898 267898 267898 267898
-6399999999999999741554 -99999999999999864448 -99999999999999864448 193865 193865 193865 193865 193865 193865 193865 193865 193865 193865 193865 193865 193865 193865 193865 193865 193865 193865 193865 193865 193865 193865 193865 193865 193865 193865 193865 193865 193865 193865 193865 193865 193865 193865 193865 193865 193865
-26599999999999999770961 -7599999999999999842107 -5799999999999999821753 253323 253323 261764 261764 261764 261764 261764 261764 261764 261764 261764 261764 261764 261764 261764 261764 261764 261764 261764 261764 261764 261764 261764 261764 261764 261764 261764 261764 261764 261764 261764 261764 261764 261764 261764 261764 261764
-9699999999999999666352 -4299999999999999647554 -2899999999999999777641 -1699999999999999658241 337360 337360 337360 337360 337360 337360 337360 337360 337360 337360 337360 337360 337360 337360 337360 337360 337360 337360 337360 337360 337360 337360 337360 337360 337360 337360 337360 337360 337360 337360 337360 337360 337360 337360 337360 337360
-12099999999999999781463 210392 210392 210392 211708 211708 211708 211708 211708 211708 211708 211708 211708 211708 211708 211708 211708 285041 285041 285041 285041 285041 285041 285041 285041 285041 285041 285041 285041 285041 285041 285041 285041 285041 285041 285041 285041 285041 285041 285041
-14599999999999999662208 -5999999999999999804838 257531 257531 257531 257531 257531 286935 335186 335186 335186 335186 335186 335186 335186 335186 335186 335186 335186 335186 345840 345840 345840 345840 345840 345840 345840 345840 345840 345840 345840 345840 345840 345840 345840 345840 345840 345840 345840 345840
-32499999999999999760457 -18099999999999999775902 176777 297216 297216 297216 297216 297216 297216 297216 297216 297216 297216 297216 297216 297216 297216 297216 297216 297216 297216 297216 297216 297216 297216 297216 297216 297216 297216 297216 297216 297216 297216 297216 297216 297216 320421 320421 320421 320421
-20499999999999999747794 223397 260450 260450 260450 260450 260450 260450 260450 260450 260450 260450 260450 260450 260450 260450 260450 260450 260450 260450 260450 260450 260450 260450 260450 260450 260450 260450 260450 260450 260450 260450 260450 260450 260450 260450 260450 260450 260450 260450
-41899999999999999716864 -13599999999999999582424 -8499999999999999790410 -8499999999999999790410 -1099999999999999805329 -1099999999999999805329 249798 249798 249798 249798 249798 249798 249798 249798 249798 249798 249798 249798 249798 249798 249798 249798 249798 249798 249798 249798 249798 249798 249798 249798 249798 249798 249798 249798 249798 249798 249798 249798 249798 249798
-13199999999999999838220 -2199999999999999781278 230416 230416 261697 261697 261697 261697 348670 348670 348670 348670 348670 348670 348670 348670 348670 348670 348670 348670 348670 348670 348670 348670 348670 348670 348670 348670 348670 348670 348670 348670 348670 348670 348670 348670 348670 348670 348670 348670
-25799999999999999670604 219063 219063 219063 219063 219063 219063 219063 219063 219063 219063 219063 219063 219063 219063 219063 219063 219063 219063 219063 219063 219063 219063 219063 219063 219063 219063 219063 219063 219063 219063 219063 219063 219063 219063 219063 219063 219063 219063 219063
-13399999999999999592957 -1899999999999999753449 208945 208945 208945 208945 208945 208945 208945 208945 208945 208945 208945 208945 208945 208945 208945 208945 208945 208945 208945 208945 208945 208945 208945 208945 208945 208945 208945 208945 208945 208945 208945 208945 208945 208945 208945 208945 208945 208945
-20699999999999999699195 241762 241762 298380 298380 298380 298380 298380 298380 298380 298380 298380 298380 298380 298380 298380 298380 298380 298380 298380 298380 298380 298380 298380 298380 298380 298380 298380 298380 298380 298380 298380 298380 298380 298380 298380 298380 298380 298380 298380
-25599999999999999821724 -7599999999999999798803 197065 197065 218714 267747 267747 267747 267747 267747 267747 267747 267747 267747 267747 267747 267747 267747 267747 267747 267747 267747 267747 267747 267747 267747 267747 267747 267747 267747 267747 267747 267747 267747 267747 267747 267747 267747 267747 267747
-34699999999999999680894 -5699999999999999723772 -499999999999999755003 -499999999999999755003 -499999999999999755003 -499999999999999755003 317731 317731 317731 317731 317731 317731 317731 317731 317731 317731 317731 317731 317731 317731 317731 317731 317731 317731 317731 317731 317731 317731 317731 317731 317731 317731 317731 317731 317731 317731 317731 317731 317731 317731
-22699999999999999705892 -8099999999999999778380 -1699999999999999732165 -1699999999999999732165 274225 320664 320664 320664 320664 320664 320664 320664 320664 320664 320664 320664 320664 321506 321506 321506 321506 321506 321506 321506 321506 321506 321506 321506 321506 321506 321506 321506 321506 321506 321506 321506 321506 321506 321506 321506
-5599999999999999708462 325817 325817 325817 338574 338574 338574 338574 338574 338574 338574 338574 338574 338574 338574 338574 338574 338574 338574 338574 338574 338574 338574 338574 338574 338574 338574 338574 338574 338574 338574 338574 338574 338574 338574 338574 338574 338574 338574 338574

GA1 Results:
-15599999999999999645422 308279 349424 382875 402586 437963 437963 444175 476310 476310 486480 500445 500445 502956 511120 511120 520757 520757 525116 525116 571428 571428 571428 579854 583854 585401 585401 591556 596925 603230 604705 608545 608545 611570 611570 611570 611570 611570 612655 612655
-13299999999999999797436 291067 291067 331021 340565 404725 456101 456101 456101 467755 496627 496627 496627 530823 530823 533902 547260 547260 557725 557725 557725 568620 573235 578528 580698 582002 592858 600622 600622 614465 614465 614910 616510 617635 617635 617635 617635 617635 617635 617635
-9599999999999999775419 240859 273786 304809 367961 414979 427387 464956 464956 464956 469361 469361 469886 476691 523432 523432 523432 523432 543769 543769 543769 559117 564724 564724 569132 581610 582360 596049 597299 608182 612780 612780 612780 612780 615561 615870 615870 615870 615870 615870
-15599999999999999765085 215774 291694 297055 343831 448631 448631 468605 468605 468605 484441 488524 509468 509468 515139 515794 515794 520372 523964 528344 536392 536392 536392 537450 541627 544514 547059 554759 559729 563247 573282 581492 581859 583542 587437 589357 589357 590482 590482 590482
-12099999999999999633177 245064 297520 302784 358685 431945 431945 463222 463222 495693 495693 495693 495885 502001 507274 517254 524211 545698 553990 553990 553990 553990 553990 558267 560340 561695 572203 576929 589333 601403 603468 608578 608578 608578 608578 612283 614851 615516 615516 615516
-15699999999999999716275 220865 365838 365838 365838 399163 399163 425799 444596 444596 475920 480601 480601 493060 499405 511785 513471 522932 539424 543423 543511 565032 565032 565199 565646 589073 589677 589677 600172 603972 603972 606844 612182 617404 619972 619972 619972 619972 619972 621567
-25699999999999999699553 361026 409505 409505 409505 423695 430228 485457 485457 490051 490051 492932 531815 531815 531815 531815 531815 537594 544273 550766 551619 563731 563731 574621 578018 581396 581396 583108 584772 592708 598915 602187 607615 607737 610835 613010 615375 615375 616122 616122
-9899999999999999790612 262482 351376 375519 398618 422526 422526 422526 431050 431050 459277 459277 459277 466038 482706 504699 504699 553033 553033 553033 553033 553033 553033 553033 557222 557222 560930 560930 561238 563425 565385 569580 571677 575938 577346 577346 577713 577713 577713 577713
-9699999999999999762636 253995 266354 411998 411998 411998 420701 438080 461867 461867 482963 486605 487227 493750 506274 508326 511665 534278 534278 534278 562324 562711 562711 566571 586009 593083 593083 594565 602820 602820 605400 607947 609500 610680 612068 615415 615680 615890 615890 615890
-20299999999999999732625 355011 365966 399549 399549 454285 454285 454285 454285 488397 504678 517626 517626 521088 521088 526261 526261 562571 562571 564706 574852 576314 576314 576989 581363 591351 598566 602416 602416 606661 610891 611386 615001 615001 615001 615001 616391 616391 619766 619766
-11299999999999999732639 254085 295574 339859 341703 371664 438945 438945 438945 473788 488883 488883 514362 514362 514362 514362 514362 514902 525841 535752 537331 543274 551468 551468 552089 554026 556167 557443 567207 575572 581607 581607 587643 587643 587643 587643 587643 588418 589543 589543
-29099999999999999653185 -3099999999999999815998 290585 374984 374984 374984 405320 482603 482603 486514 486514 497325 505286 523730 523730 523730 524543 524543 537235 545874 545874 545874 545874 545874 547501 555035 555035 556355 564173 573490 573490 573490 573490 575855 576058 576058 576058 576723 576723 579183
-26499999999999999735239 -10299999999999999634985 277600 342660 420099 439746 508243 508243 508243 508243 508243 508243 509198 529658 529658 529658 546101 547572 557602 574301 580067 580067 586543 588892 589179 608229 608229 608229 608229 610054 610381 610381 616465 616465 617590 617685 617685 617685 617685 617685
-15599999999999999700081 129255 236855 341032 341032 358420 359872 369104 412980 425546 488913 488913 488913 491993 493641 493641 546234 546234 556500 556500 557843 572025 572025 572025 574216 579367 586193 591113 595365 595801 607560 613573 613573 613573 613573 613573 613573 613573 613668 613668
-31999999999999999729713 -12299999999999999663470 170323 302803 406303 406303 406303 442769 442769 450643 477677 477677 483473 483473 483473 514129 514129 518748 544286 544286 545383 551620 551620 552992 560691 577848 580968 585440 593260 597548 602940 608560 613866 613866 615396 619766 619766 619766 619766 619766
-20299999999999999586659 -9099999999999999701204 258823 394818 394818 394818 403126 425503 427948 450394 474840 486330 486330 489010 489010 510461 519215 519215 526739 570306 570306 570306 584999 584999 589663 596153 597812 597812 597812 598126 607029 607107 613687 613687 613687 613687 613687 613687 613687 613687
-22399999999999999736961 -2399999999999999692774 351350 394175 394212 411616 440807 440807 478964 478964 490588 500429 509377 509377 509377 522697 522697 531262 531262 540124 540124 562667 562667 577587 577587 577714 578770 591748 591748 610092 610092 610092 610092 610092 610092 610092 611177 613542 613542 613542
-4399999999999999661514 317657 338179 367637 385008 385008 439697 439697 475481 478342 478342 483866 483866 486786 529273 529273 529273 529273 529273 529273 529273 529273 531610 531610 531657 537276 537276 549160 549160 560542 560542 566198 567418 569578 574076 574076 575676 575676 575676 575676
-14999999999999999819977 287511 287511 306387 394584 394584 414211 414211 431821 448814 474099 486961 487127 521317 521317 521317 529563 529563 534900 534900 534900 537064 547182 551780 558381 571416 572685 586006 590882 599636 599636 602150 611008 611533 615521 615521 615521 615521 615521 615521
-4799999999999999711159 -3399999999999999792401 312558 312558 330389 401466 421450 445676 450206 500990 500990 500990 505035 516638 516638 520110 520110 537775 541595 541595 544476 544476 558427 566910 566910 593465 593465 594527 594527 595632 606472 606472 606472 608543 611673 615518 619018 619018 619018 619018
-25399999999999999747605 -299999999999999863500 208835 329700 434283 434283 449358 482949 504625 504625 504625 504625 508480 509224 510409 510409 515656 515656 539862 557055 561737 561737 563152 568407 580855 580855 585010 591085 602298 602298 606780 610940 610940 613925 616126 616493 616493 616493 616493 616493
-11999999999999999708757 70420 241648 272314 376087 423868 423868 423868 423868 423868 440091 440091 467304 491961 539912 539912 539912 541336 541336 567364 567364 567364 567364 570012 577265 588136 594903 597613 603791 603791 604715 609808 611258 613958 614223 614223 614223 614223 614223 614223
-24299999999999999817273 -2299999999999999787485 287578 323847 367619 408927 421736 461850 473877 487934 498421 503398 503398 512765 512765 519186 522309 524628 540747 540747 541742 545977 545977 546510 554321 554321 554321 564666 564666 565958 578081 581336 586373 588198 589473 593253 593253 593253 593253 593253
-16599999999999999821490 360609 360609 360609 360609 376149 408012 445814 461738 461738 474729 493161 502108 502108 502913 507706 507706 513173 528582 528582 541692 543858 543858 544588 554008 554008 554008 568423 568423 568423 571485 572688 573765 573765 573765 573765 573765 573765 573765 573765
-11599999999999999741275 245454 423303 423303 423303 423303 423303 467272 467272 486465 486465 504074 512234 512234 517173 525548 525548 535372 535372 537055 537055 550964 550964 557470 562413 571077 583495 596860 598788 604266 605701 608096 609008 612273 616453 616453 616568 619678 619678 619678
-22899999999999999805064 261139 282039 310722 367366 378716 422945 422945 466479 477248 477248 501094 502196 519396 519396 538141 558609 558609 558609 558609 571124 584779 584779 584779 585201 589793 595922 595922 597542 602258 602369 605255 607700 611063 617163 617163 618288 618288 618288 618288
283226 283226 283226 374248 374248 424707 469729 469729 469729 493759 509796 509796 509796 509796 509796 511613 525793 526383 526383 530571 534662 540249 557584 557813 573424 586082 593756 595034 609747 609747 609747 610415 613950 613950 614390 614390 614390 614390 614390 614390
-10499999999999999694443 341198 341198 373153 408572 420413 434936 434936 458657 489115 489115 498828 511571 511571 515311 516011 532541 559430 559430 559430 559430 561835 568575 568575 572640 578473 579557 588825 588825 588825 591970 596640 599675 605062 606705 609230 609230 609230 611055 612180
-23799999999999999654706 226678 275047 344355 385329 432546 432546 432963 445261 449559 463020 475343 475343 492250 495220 521724 522744 525800 533053 533053 541987 541987 543180 550286 550286 559464 559464 562934 570958 571403 571403 579818 580573 580573 580573 580573 582713 582713 582713 582713
-899999999999999798055 345241 345241 351426 365472 388724 469913 469913 469913 471868 474215 488953 505500 505500 505500 509453 510367 510367 522965 534598 538760 557825 557825 557825 557825 557825 562447 565529 569322 581590 582130 582130 584215 586563 588353 588408 590482 590482 590482 590482

BPSO2 Results:
-25599999999999999651922 -6599999999999999812741 -6599999999999999812741 -6599999999999999812741 197234 197234 224604 224604 224604 224604 224604 224604 224604 224604 224604 224604 224604 224604 224604 224604 224604 224604 224604 224604 224604 224604 224604 224604 224604 224604 224604 224604 224604 224604 224604 224604 224604 224604 224604 224604
-17699999999999999811073 -11799999999999999763992 -1699999999999999769009 269245 269245 269245 269245 269245 269245 269245 269245 269245 269245 269245 269245 269245 269245 269245 269245 269245 269245 269245 269245 269245 269245 269245 269245 269245 269245 269245 269245 269245 269245 269245 269245 269245 269245 269245 269245 269245
-7899999999999999757815 -2299999999999999751687 321274 355465 355465 355465 355465 355465 355465 355465 355465 355465 358130 358130 358130 358130 358130 358130 358130 358130 358130 358130 358130 358130 358130 358130 358130 358130 358130 358130 358130 358130 358130 358130 358130 358130 358130 358130 358130 358130
-31999999999999999782315 -10699999999999999724251 267643 301840 301840 352484 352484 352484 352484 352484 352484 352484 352484 352484 352484 352484 352484 352484 352484 352484 352484 352484 352484 352484 352484 352484 352484 352484 352484 352484 352484 352484 352484 352484 352484 352484 352484 352484 352484 352484
-30999999999999999736606 157954 242680 242680 275401 275401 275401 309333 309333 309333 309333 309333 309333 309333 309333 309333 309333 309333 309333 309333 309333 309333 309333 309333 309333 309333 309333 309333 309333 309333 309333 309333 309333 309333 309333 309333 309333 309333 309333 309333
-2999999999999999702678 -2999999999999999702678 315041 315041 315041 315041 315041 315041 315041 315041 315041 315041 315041 315041 315041 315041 315041 315041 315041 315041 315041 315041 315041 315041 315041 315041 315041 315041 315041 315041 315041 315041 315041 315041 315041 315041 315041 315041 315041 315041
-30599999999999999671965 214822 214822 214822 214822 214822 275806 275806 275806 275806 275806 275806 275806 275806 275806 275806 275806 275806 275806 275806 275806 275806 275806 275806 275806 275806 275806 275806 275806 275806 275806 275806 275806 275806 275806 275806 275806 275806 275806 275806
-33599999999999999604382 -6299999999999999736001 -4699999999999999754438 -99999999999999777300 224920 224920 224920 224920 224920 224920 224920 224920 224920 224920 224920 224920 224920 224920 224920 224920 224920 224920 224920 224920 224920 224920 224920 224920 224920 224920 224920 224920 224920 224920 224920 224920 224920 224920 224920 224920
-18399999999999999775068 -10099999999999999787675 -899999999999999776116 -899999999999999776116 -899999999999999776116 328274 328274 328274 341442 341442 341442 341442 341442 341442 341442 341442 341442 341442 341442 341442 341442 341442 341442 341442 341442 341442 341442 341442 341442 341442 341442 341442 341442 341442 341442 341442 341442 341442 341442 341442
-27299999999999999664218 149548 285844 285844 285844 343776 343776 343776 343776 343776 343776 343776 343776 343776 343776 343776 343776 343776 343776 343776 343776 343776 343776 343776 343776 343776 343776 343776 343776 343776 343776 343776 343776 343776 343776 343776 343776 343776 343776 343776
-19899999999999999835372 -16499999999999999718349 216461 216461 216461 216461 216461 216461 216461 216461 216461 216461 216461 216461 216461 235618 235618 235618 235618 235618 235618 235618 235618 235618 235618 235618 235618 235618 235618 235618 235618 235618 235618 235618 235618 235618 235618 235618 235618 235618
-24299999999999999614032 -12299999999999999634420 -12299999999999999634420 -2299999999999999774855 -2299999999999999774855 -2299999999999999774855 -2299999999999999774855 -2299999999999999774855 243177 243177 243177 243177 243177 243177 243177 243177 243177 243177 243177 243177 243177 243177 243177 243177 243177 243177 243177 243177 243177 243177 243177 243177 243177 243177 243177 243177 243177 243177 243177 243177
-13499999999999999718915 -3899999999999999791542 -1999999999999999764102 -1999999999999999764102 245492 245492 245492 245492 245492 245492 245492 245492 245492 245492 245492 245492 245492 245492 245492 245492 245492 245492 245492 245492 245492 245492 245492 245492 245492 245492 245492 245492 245492 245492 245492 245492 245492 245492 245492 245492
-17699999999999999781566 121191 189588 223200 223200 223200 223200 223200 261508 261508 261508 261508 261508 261508 261508 261508 332928 332928 332928 332928 332928 332928 332928 332928 332928 332928 332928 332928 332928 332928 332928 332928 332928 332928 332928 332928 332928 332928 332928 332928
-10499999999999999786587 -199999999999999734490 289254 289254 308074 308074 308074 308074 308074 308074 308074 308074 308074 308074 308074 308074 308074 308074 308074 308074 308074 308074 308074 308074 308074 308074 308074 308074 308074 308074 308074 308074 308074 308074 308074 308074 308074 308074 308074 308074
-17199999999999999694626 -199999999999999803690 281660 281660 281660 281660 281660 312756 312756 312756 312756 312756 312756 312756 312756 312756 312756 312756 312756 315539 315539 315539 315539 315539 315539 315539 315539 315539 315539 315539 315539 315539 315539 315539 315539 315539 315539 315539 315539 315539
-29599999999999999737739 -1899999999999999596740 275217 275217 275217 293388 293388 293388 293388 293388 293388 293388 293388 293388 293388 293388 293388 293388 293388 293388 293388 293388 293388 293388 293388 293388 293388 293388 293388 293388 293388 293388 293388 293388 293388 293388 293388 293388 293388 293388
-20399999999999999754181 -19199999999999999661767 293330 293330 293330 293330 297958 297958 297958 297958 297958 297958 297958 306473 306473 306473 306473 306473 306473 306473 306473 306473 306473 306473 306473 306473 306473 306473 306473 306473 306473 306473 306473 306473 306473 306473 306473 306473 306473 306473
-23599999999999999758974 -4699999999999999779030 -2699999999999999828580 206053 206053 206053 233721 233721 233721 236105 261408 261408 261408 261408 261408 261408 261408 261408 261408 261408 261408 261408 261408 261408 261408 261408 261408 261408 261408 261408 261408 261408 261408 261408 261408 261408 261408 261408 261408 261408
-5299999999999999738749 -99999999999999845275 187358 187358 297504 297504 297504 297504 297504 297504 297504 297504 297504 297504 297504 297504 297504 297504 297504 297504 297504 297504 297504 297504 297504 297504 297504 297504 297504 297504 297504 297504 297504 297504 297504 297504 297504 297504 297504 297504
-24799999999999999721940 -1499999999999999821915 -1199999999999999789522 264979 264979 264979 264979 264979 309253 309253 309253 309253 309253 309253 309253 309253 309253 309253 309253 309253 309253 309253 309253 309253 309253 309253 309253 309253 309253 309253 309253 309253 309253 309253 309253 309253 309253 309253 309253 309253
-24699999999999999675982 230273 230273 230273 305569 305569 305569 305569 305569 305569 305569 305569 305569 305569 305569 305569 305569 305569 305569 305569 305569 305569 305569 305569 305569 305569 305569 305569 305569 305569 305569 305569 305569 305569 305569 305569 305569 305569 305569 305569
-9399999999999999713620 -6799999999999999766266 -6799999999999999766266 -6799999999999999766266 208757 208757 208757 208757 208757 208757 266908 266908 266908 266908 266908 266908 266908 266908 266908 266908 266908 266908 266908 266908 266908 266908 266908 266908 266908 266908 266908 266908 266908 266908 266908 266908 266908 266908 266908 266908
-6299999999999999645028 -6299999999999999645028 350090 350090 350090 350090 350090 350090 350090 350090 350090 350090 350090 350090 350090 350090 350090 350090 350090 350090 350090 350090 350090 350090 350090 350090 350090 350090 350090 350090 350090 350090 350090 350090 350090 350090 350090 350090 350090 350090
-19199999999999999713809 -17499999999999999640783 -3299999999999999788540 353508 353508 353508 353508 353508 353508 353508 353508 353508 353508 353508 353508 353508 353508 353508 353508 353508 353508 353508 353508 353508 353508 353508 353508 353508 353508 353508 353508 353508 353508 353508 353508 353508 353508 353508 353508 353508
-5099999999999999804731 122687 122687 122687 122687 244166 244166 244166 244166 244166 244166 244166 244166 244166 244166 244166 244166 244166 244166 244166 244166 244166 244166 244166 244166 244166 244166 244166 244166 244166 244166 244166 244166 244166 244166 244166 244166 244166 244166 244166
-13699999999999999788391 -9899999999999999739103 -3199999999999999762512 216009 216009 216009 216009 216009 216009 216009 216009 216009 216009 216009 216009 216009 216009 216009 216009 216009 216009 216009 216009 216009 216009 216009 216009 216009 216009 216009 216009 216009 216009 216009 216009 216009 216009 216009 216009 216009
-30799999999999999698608 217397 217397 217397 217397 217397 217397 217397 230671 230671 230671 230671 230671 230671 230671 230671 230671 230671 230671 230671 230671 230671 230671 230671 230671 230671 230671 230671 230671 230671 230671 230671 230671 230671 230671 230671 230671 230671 230671 230671
-30999999999999999715944 -15599999999999999762013 -5299999999999999661396 236195 236195 323864 323864 323864 323864 323864 323864 323864 323864 323864 323864 323864 323864 323864 323864 323864 323864 323864 323864 323864 323864 323864 323864 323864 323864 323864 323864 323864 323864 323864 323864 323864 323864 323864 323864 323864
-3099999999999999747003 -3099999999999999747003 -1999999999999999719283 124909 135957 135957 210400 284393 284393 284393 284393 284393 284393 284393 284393 284393 284393 284393 284393 284393 284393 284393 284393 284393 284393 284393 284393 284393 284393 284393 284393 284393 284393 284393 284393 284393 284393 284393 284393 284393

GA2 Results:
357572 359544 363779 363779 416579 416579 416579 416579 416579 417066 417066 428475 445259 453075 492161 492161 492161 492161 501130 508127 508127 510478 512702 514931 536073 536073 537858 543255 551402 551546 556217 556217 562582 563717 564317 565255 567205 567970 568180 568180
423019 427254 427254 427254 433070 433070 433070 449568 464360 470567 486908 490358 490358 490358 496356 505371 505371 508917 513152 521965 521965 534352 534352 534352 538756 539506 543741 545424 550633 555498 555498 558264 561385 564780 571515 571515 572090 572090 572090 572090
408806 420241 420241 451978 451978 451978 489256 492596 497012 511123 511123 516821 516821 520220 520220 520220 524383 529637 539192 542642 542642 542642 552837 562802 565069 565069 582000 582000 587470 594737 596180 596180 596180 596180 596180 598340 600900 600900 600900 600900
338867 339234 340613 349333 404476 420868 430333 433342 433342 438775 441884 445662 475650 508766 522263 522263 526513 528113 533973 534198 540149 549741 549741 557362 557577 557577 565185 565185 565185 567325 568678 570510 570853 572903 572903 572903 572903 572903 572903 572903
376220 459431 463666 463666 479566 479566 479566 479566 479566 479566 486880 496715 496715 496715 500044 500411 501495 509650 535793 543993 543993 543993 546163 565211 581585 581585 581585 581585 589055 592530 596815 596815 596815 596815 596815 596815 596815 596815 596815 596815
397237 398362 398362 398362 419387 419387 433586 439985 439985 455648 462749 488233 499156 529704 529704 529704 529704 533939 533939 541714 541714 542219 542219 543060 548163 552366 562063 562063 562063 562063 567429 570884 572677 572677 572677 572772 572772 572772 572772 572772
363665 367575 392093 398133 398133 464665 464665 468836 468836 477087 477087 478687 496350 524307 524307 524307 527790 538963 543313 547653 569055 577778 577778 577778 577778 586308 591638 594377 594377 594733 602043 609148 610493 610493 611433 611658 611658 611658 611658 611658
356456 356823 356823 368883 385815 430096 440271 449469 452737 453104 453104 453104 469911 471793 483318 485108 487500 493087 508448 511048 511048 524205 546592 546592 548842 550407 560932 561472 563222 563522 565997 570623 571758 575188 575333 575333 575333 575333 575333 575333
363369 364969 364969 364969 364969 382380 389454 396718 412541 435742 465016 465016 494092 494092 506882 507000 507000 507000 507869 514563 520237 552722 552722 552722 552847 552847 552847 559253 559253 559253 562532 571795 575952 576272 577747 577747 579127 579127 584272 584272
374836 375203 379438 385896 428396 430761 430761 438372 458587 476978 480428 480428 482672 527634 527634 549268 556342 556750 567955 567955 567955 567955 567955 570065 575093 578593 589274 591639 591639 591639 596983 602763 605063 605063 608378 613913 613913 613913 613913 613913
373007 396838 406728 427727 428094 440981 463106 469295 475835 476375 499734 499734 501641 501641 510890 519045 519045 519045 520922 530309 536300 543893 543893 550997 554435 555144 558655 561020 562520 563206 564340 566617 566617 568192 568192 568287 574165 575127 575127 576585
396353 416689 431862 431862 460924 460924 460924 460924 461758 463463 467741 482928 482928 482928 482928 489578 500394 503256 536369 537969 538486 553194 553194 555509 555509 557464 562092 562092 563240 563240 566767 568602 568602 569372 571512 571512 571512 571512 571512 571512
352556 422886 430125 430125 447227 484645 484645 485406 505414 505414 505414 523534 523534 523534 523534 537556 537556 537556 538223 538223 538223 545636 547616 554718 554718 554718 554793 563262 578245 578245 581879 583198 587589 594685 597689 597914 597914 597914 597914 597914
310230 310230 310230 384259 384259 384259 402401 420592 448667 478610 501627 501627 501627 501627 543226 543226 543226 543226 543226 543226 543226 550926 550926 550926 550926 556841 556841 556841 556841 561047 561587 561890 567842 567842 572235 572555 572555 572555 572555 572555
369278 375113 375113 375113 375113 438283 438283 438283 438283 447752 449625 466570 474473 488351 505263 505263 505263 505263 516607 522407 522407 522407 524526 537435 541785 541785 541785 559512 561122 563290 563290 566320 566325 566325 566325 566325 566325 567705 567705 567705
300516 387922 388382 388382 388382 388382 423843 423843 436448 457905 457905 457905 473994 481102 481102 490658 493957 504558 517543 528552 547035 547035 547035 552622 552622 557190 557190 560650 561775 562225 566280 571017 571985 580295 580295 585440 586575 586575 586575 587965
363650 372761 413049 413049 417156 435840 435840 435840 435840 467687 468677 493121 493121 493121 497107 497107 504012 511585 516104 516658 518936 529810 529810 550042 553162 553837 556537 558354 558354 562087 564237 565014 566412 566412 566412 566412 566412 566412 566412 566412
369994 412613 427739 431974 447344 448944 507001 511501 511501 511501 511501 511501 511501 511501 511501 513649 513649 516313 516313 521406 521406 523672 533436 542898 549125 549728 556440 571740 571740 571740 571740 574973 579318 579318 579318 579743 579743 579743 579743 579743
314298 414026 415626 415626 440108 449908 449908 472112 481754 481754 488873 496105 497183 503257 521294 521294 524386 524926 524926 524926 524926 524926 539395 541990 552115 552115 552115 553871 554096 559390 564910 566571 571071 571866 573211 573211 573211 573211 575736 575736
380362 381962 383548 383548 504276 506641 506641 506641 506641 508321 510889 510889 510889 510889 510889 510889 510889 515695 519930 519930 522925 528512 528512 528512 545891 558954 560191 572513 572513 582183 589015 589015 593528 598963 603658 603658 603658 603658 603658 603658
366274 366274 386891 399476 406060 427547 437822 467040 472875 472875 493707 497914 502965 502965 509471 509471 509471 509471 524389 538366 538366 539491 539491 553686 553686 553686 553686 555018 555018 559910 567215 567215 569235 569235 569235 569235 569235 569235 569235 569240
383038 384638 458638 458638 458638 458638 458638 458638 481443 481443 482772 482772 482772 482772 489961 493735 498774 498774 512989 512989 512989 512989 525670 563446 563446 563446 563446 563446 563446 563446 588929 593069 608555 610125 613254 614234 614234 614234 614234 616190
353865 376027 376027 376027 391215 401887 439594 443044 490668 490668 490668 490668 490668 490668 518207 518574 518574 518574 521662 523484 523484 523726 523726 536174 536714 540324 560896 560896 561826 561826 562899 565354 567293 567293 571053 571373 571373 571373 571373 571373
347125 364655 399880 399880 407526 432055 432055 472143 481978 481978 483202 489129 502019 511196 511196 524527 526499 526499 526499 528381 528381 535110 547094 553119 553119 553862 561627 562274 568189 568740 571420 573988 574168 576673 576673 576673 576673 576673 576673 576673
366666 401024 415254 415254 425312 425312 425312 450338 453788 453788 455001 473472 484452 484452 484452 491901 501450 504900 504900 512642 521068 523441 527370 542030 542475 544395 549024 549469 551824 553664 556431 559459 564125 564125 565160 566540 566765 566765 566765 566765
399782 399782 405556 475224 475224 475224 475224 475224 476692 476692 480242 480242 487251 490139 496040 508146 508146 508146 508146 514079 518732 535154 535154 535154 535154 535154 538132 542346 543440 544256 546121 558737 560010 560480 566240 566545 566545 566545 566545 566545
383222 389512 424596 424596 437968 477887 481349 486936 486936 515210 515577 515577 515577 517644 526399 526399 526399 535897 541397 544847 546048 546048 549687 562315 562315 572079 573479 573987 580152 580152 580152 580152 580152 581212 581532 581532 581532 582667 582667 582667
371127 385497 385497 410068 433634 433634 433634 450249 464419 480355 482720 482720 492194 543071 543071 543071 543071 543071 543071 543071 556148 556148 556148 556148 557000 567946 580223 580223 585253 591074 601897 605677 605677 607271 608517 610282 610282 610282 610282 610282
333544 393113 393113 455820 455820 455820 455820 455820 464194 465064 471892 471892 471892 512296 512296 512296 512296 513803 513803 525490 525857 525857 525857 528123 528123 544035 546205 550705 551136 564534 564534 564534 566807 566915 570343 570343 572508 573093 573093 573093
372083 420826 420826 421193 421193 472366 472366 472366 472366 472366 473377 488343 507975 509100 509100 509100 509100 514350 514350 515778 523660 531536 536236 539236 541736 547614 552666 557952 557952 562967 563175 564217 570820 570820 570820 577449 581699 581699 581699 581699

BPSO3 Results:
-54899999999999999760574 -28299999999999999732252 -9199999999999999820819 -9199999999999999820819 224739 224739 224739 224739 224739 224739 224739 224739 224739 224739 224739 224739 224739 224739 224739 224739 224739 224739 224739 224739 224739 224739 224739 224739 224739 224739 224739 224739 224739 224739 224739 224739 224739 224739 224739 224739
-60199999999999999775683 -19199999999999999749666 -19199999999999999749666 -18599999999999999767613 -18599999999999999767613 -8199999999999999654034 -8199999999999999654034 -8199999999999999654034 -8199999999999999654034 -8199999999999999654034 -8199999999999999654034 -8199999999999999654034 -8199999999999999654034 -8199999999999999654034 -8199999999999999654034 -8199999999999999654034 -8199999999999999654034 -8199999999999999654034 -8199999999999999654034 -8199999999999999654034 -8199999999999999654034 -8199999999999999654034 -8199999999999999654034 -8199999999999999654034 -8199999999999999654034 -8199999999999999654034 -8199999999999999654034 -8199999999999999654034 -8199999999999999654034 -8199999999999999654034 -8199999999999999654034 -8199999999999999654034 -8199999999999999654034 -8199999999999999654034 -8199999999999999654034 -8199999999999999654034 -8199999999999999654034 -8199999999999999654034 -8199999999999999654034 -8199999999999999654034
-61499999999999999597903 -34899999999999999693991 -23099999999999999709502 -22599999999999999800681 -22599999999999999800681 -22599999999999999800681 -16599999999999999811955 -16599999999999999811955 -16599999999999999811955 -16599999999999999811955 -16599999999999999811955 -16599999999999999811955 -14199999999999999749760 -14199999999999999749760 -14199999999999999749760 -14199999999999999749760 -14199999999999999749760 -14199999999999999749760 -14199999999999999749760 -11799999999999999822296 -11799999999999999822296 -9499999999999999809881 -9499999999999999809881 -9499999999999999809881 -9499999999999999809881 -9499999999999999809881 -9499999999999999809881 -9499999999999999809881 -9499999999999999809881 -9499999999999999809881 -9499999999999999809881 -9499999999999999809881 -9499999999999999809881 -9499999999999999809881 -9499999999999999809881 -9499999999999999809881 -9499999999999999809881 -9499999999999999809881 -9499999999999999809881 -9499999999999999809881
-38599999999999999530594 -19499999999999999838434 -4499999999999999755565 -4499999999999999755565 370941 370941 370941 370941 370941 370941 370941 370941 370941 370941 370941 370941 370941 370941 370941 370941 370941 370941 370941 370941 370941 370941 370941 370941 370941 370941 370941 370941 370941 370941 370941 370941 370941 370941 370941 370941
-35999999999999999594044 -25699999999999999636015 -20999999999999999625191 -8799999999999999754397 -8799999999999999754397 -8799999999999999754397 -7799999999999999709781 -7799999999999999709781 -4799999999999999771946 -4799999999999999771946 -3199999999999999841248 -3199999999999999841248 -1599999999999999685292 -1599999999999999685292 -1599999999999999685292 -1599999999999999685292 -1599999999999999685292 -1599999999999999685292 -1599999999999999685292 -1599999999999999685292 -1599999999999999685292 -1599999999999999685292 -1599999999999999685292 -1599999999999999685292 -1599999999999999685292 -1599999999999999685292 -1599999999999999685292 -1599999999999999685292 -1599999999999999685292 -1599999999999999685292 -1599999999999999685292 -1599999999999999685292 -1599999999999999685292 -1599999999999999685292 -1599999999999999685292 -1599999999999999685292 -1599999999999999685292 -1599999999999999685292 -1599999999999999685292 -1599999999999999685292
-44499999999999999688168 -39599999999999999590688 -17299999999999999768788 -17299999999999999768788 -9499999999999999540480 -6899999999999999707527 233357 233357 233357 233357 233357 233357 233357 233357 233357 233357 233357 233357 233357 233357 233357 233357 233357 233357 233357 233357 233357 233357 233357 233357 233357 233357 233357 233357 233357 233357 233357 233357 233357 233357
-43699999999999999689700 -25299999999999999777373 -5899999999999999888253 -5899999999999999888253 -399999999999999856968 -399999999999999856968 119315 119315 119315 119315 119315 119315 119315 119315 119315 119315 119315 119315 119315 119315 119315 119315 283069 283069 283069 283069 283069 283069 283069 283069 283069 283069 283069 283069 283069 283069 283069 283069 283069 283069
-25499999999999999739854 -25099999999999999702565 -4799999999999999794830 -4799999999999999794830 152118 152118 152118 152118 152118 152118 152118 152118 152118 152118 152118 152118 152118 152118 152118 152118 152118 152118 152118 152118 152118 152118 152118 152118 152118 152118 152118 152118 152118 152118 152118 152118 152118 152118 152118 152118
-26199999999999999703277 -21499999999999999630677 -15899999999999999693582 -11099999999999999763370 -8699999999999999625210 -8699999999999999625210 -999999999999999739199 -999999999999999739199 -999999999999999739199 -999999999999999739199 238379 238379 238379 238379 238379 238379 238379 238379 238379 238379 238379 238379 238379 238379 238379 238379 238379 238379 238379 238379 238379 238379 238379 238379 238379 238379 238379 238379 238379 238379
-56299999999999999734977 -14599999999999999665418 224506 260061 260061 260061 260061 260061 260061 260061 260061 260061 260061 260061 260061 260061 260061 260061 260061 260061 260061 260061 260061 260061 260061 260061 260061 260061 260061 260061 260061 260061 260061 260061 260061 260061 260061 260061 260061 260061
-61799999999999999695645 -14899999999999999780455 -13199999999999999771323 -4499999999999999729789 -4499999999999999729789 -4499999999999999729789 -4499999999999999729789 -4499999999999999729789 -4499999999999999729789 -4499999999999999729789 -4499999999999999729789 -4499999999999999729789 -4499999999999999729789 -4499999999999999729789 -899999999999999707015 -899999999999999707015 -899999999999999707015 -899999999999999707015 -899999999999999707015 -899999999999999707015 -899999999999999707015 -899999999999999707015 -899999999999999707015 -899999999999999707015 -899999999999999707015 -899999999999999707015 -899999999999999707015 -899999999999999707015 -899999999999999707015 -899999999999999707015 -899999999999999707015 -899999999999999707015 -899999999999999707015 -899999999999999707015 -899999999999999707015 -899999999999999707015 -899999999999999707015 -899999999999999707015 -899999999999999707015 -899999999999999707015
-52299999999999999684061 -27999999999999999639361 -26999999999999999626565 -1899999999999999812435 -1899999999999999812435 -1899999999999999812435 -1899999999999999812435 246327 246327 246327 295815 295815 295815 295815 295815 295815 295815 295815 295815 295815 295815 295815 295815 295815 295815 295815 295815 295815 295815 295815 295815 295815 295815 295815 295815 295815 295815 295815 295815 295815
-37799999999999999634645 -25799999999999999585573 -3699999999999999760798 -3699999999999999760798 -3699999999999999760798 -3699999999999999760798 -3699999999999999760798 -3699999999999999760798 213743 213743 213743 213743 213743 213743 213743 213743 213743 213743 213743 213743 213743 213743 213743 213743 213743 213743 213743 213743 213743 213743 213743 213743 213743 213743 213743 213743 213743 213743 213743 213743
-39499999999999999688369 -20199999999999999735646 -6399999999999999682908 -5999999999999999766830 201615 201615 201615 201615 335849 335849 335849 335849 335849 335849 335849 335849 335849 335849 335849 335849 335849 335849 335849 335849 335849 335849 335849 335849 335849 335849 335849 335849 335849 335849 335849 335849 335849 335849 335849 335849
-45099999999999999715019 -20399999999999999765781 -18999999999999999634418 -18999999999999999634418 -18999999999999999634418 -18999999999999999634418 -199999999999999710142 -199999999999999710142 -199999999999999710142 -199999999999999710142 -199999999999999710142 -199999999999999710142 -199999999999999710142 -199999999999999710142 -199999999999999710142 -199999999999999710142 -199999999999999710142 -199999999999999710142 -199999999999999710142 -199999999999999710142 -199999999999999710142 -199999999999999710142 -199999999999999710142 -199999999999999710142 -199999999999999710142 -199999999999999710142 -199999999999999710142 -199999999999999710142 -199999999999999710142 -199999999999999710142 -199999999999999710142 -199999999999999710142 -199999999999999710142 -199999999999999710142 -199999999999999710142 -199999999999999710142 -199999999999999710142 -199999999999999710142 -199999999999999710142 -199999999999999710142
-40199999999999999675506 -25099999999999999682231 -19199999999999999619980 -1599999999999999878614 -899999999999999832060 -899999999999999832060 -899999999999999832060 -899999999999999832060 -899999999999999832060 -899999999999999832060 -899999999999999832060 -899999999999999832060 -899999999999999832060 -899999999999999832060 -899999999999999832060 -899999999999999832060 -899999999999999832060 -899999999999999832060 -899999999999999832060 -899999999999999832060 -899999999999999832060 -899999999999999832060 -899999999999999832060 -899999999999999832060 -899999999999999832060 -899999999999999832060 -899999999999999832060 -899999999999999832060 -899999999999999832060 -899999999999999832060 -899999999999999832060 -899999999999999832060 -899999999999999832060 -899999999999999832060 -899999999999999832060 -899999999999999832060 -899999999999999832060 -899999999999999832060 -899999999999999832060 -899999999999999832060
-18399999999999999812056 -13799999999999999751118 -8399999999999999783779 -8399999999999999783779 -8399999999999999783779 -8399999999999999783779 -8399999999999999783779 -8399999999999999783779 -8399999999999999783779 -8399999999999999783779 -2699999999999999769178 -2699999999999999769178 -2699999999999999769178 -2699999999999999769178 -2699999999999999769178 -2699999999999999769178 -2699999999999999769178 -2699999999999999769178 -2699999999999999769178 -2699999999999999769178 -2699999999999999769178 -2699999999999999769178 -2699999999999999769178 -2699999999999999769178 -2699999999999999769178 -2699999999999999769178 -2699999999999999769178 -2699999999999999769178 -2699999999999999769178 -2699999999999999769178 -2699999999999999769178 -2699999999999999769178 -2699999999999999769178 -2699999999999999769178 -2699999999999999769178 -2699999999999999769178 -2699999999999999769178 -2699999999999999769178 -2699999999999999769178 -2699999999999999769178
-28299999999999999819614 -17799999999999999667282 -10199999999999999767401 -5799999999999999722377 162602 162602 162602 162602 163676 163676 163676 163676 163676 163676 163676 163676 163676 163676 163676 163676 163676 163676 163676 163676 163676 163676 163676 163676 163676 163676 163676 163676 163676 163676 163676 163676 163676 163676 163676 163676
-47599999999999999738553 -10099999999999999762420 -7999999999999999745158 -7999999999999999745158 -7999999999999999745158 238828 238828 238828 238828 293513 293513 293513 293513 293513 293513 293513 293513 293513 293513 293513 293513 293513 293513 293513 293513 293513 293513 293513 293513 293513 293513 293513 293513 293513 293513 293513 293513 293513 293513 293513
-43899999999999999739132 -29799999999999999743157 -23999999999999999746153 176838 176838 176838 176838 176838 176838 176838 176838 176838 176838 248144 248144 248144 248144 248144 248144 248144 248144 248144 248144 248144 248144 248144 248144 248144 248144 248144 248144 248144 248144 248144 248144 248144 248144 248144 248144 248144
-51599999999999999671999 -20999999999999999824680 -12299999999999999721275 318543 318543 318543 318543 318543 318543 318543 318543 318543 318543 318543 318543 318543 318543 318543 318543 318543 318543 318543 318543 318543 318543 318543 318543 318543 318543 318543 318543 318543 318543 318543 318543 318543 318543 318543 318543 318543
-41799999999999999667219 -23499999999999999673338 -3199999999999999619791 -3199999999999999619791 338932 338932 338932 338932 338932 338932 338932 338932 338932 338932 338932 338932 338932 338932 338932 338932 338932 338932 338932 338932 338932 338932 338932 338932 338932 338932 338932 338932 338932 338932 338932 338932 338932 338932 338932 338932
-64799999999999999602370 -28099999999999999691166 -22199999999999999572761 -20099999999999999694505 -17499999999999999620458 -5799999999999999679576 -5799999999999999679576 -5799999999999999679576 -5799999999999999679576 -5799999999999999679576 -5799999999999999679576 -5799999999999999679576 -5799999999999999679576 -5799999999999999679576 -5799999999999999679576 -999999999999999586853 -999999999999999586853 -999999999999999586853 -999999999999999586853 -999999999999999586853 -999999999999999586853 -999999999999999586853 -999999999999999586853 -999999999999999586853 -999999999999999586853 -999999999999999586853 -999999999999999586853 -999999999999999586853 -999999999999999586853 -999999999999999586853 -999999999999999586853 -999999999999999586853 -999999999999999586853 -999999999999999586853 -999999999999999586853 -999999999999999586853 -999999999999999586853 -999999999999999586853 -999999999999999586853 -999999999999999586853
-28399999999999999785730 -5599999999999999732707 -5599999999999999732707 -5599999999999999732707 -5599999999999999732707 -5599999999999999732707 -5599999999999999732707 -599999999999999763132 -599999999999999763132 -599999999999999763132 -599999999999999763132 -599999999999999763132 -599999999999999763132 -599999999999999763132 -599999999999999763132 -599999999999999763132 -599999999999999763132 -599999999999999763132 -599999999999999763132 -599999999999999763132 -599999999999999763132 -599999999999999763132 -599999999999999763132 -599999999999999763132 -599999999999999763132 -599999999999999763132 -599999999999999763132 -599999999999999763132 -599999999999999763132 -599999999999999763132 -599999999999999763132 -599999999999999763132 -599999999999999763132 -599999999999999763132 -599999999999999763132 -599999999999999763132 -599999999999999763132 -599999999999999763132 -599999999999999763132 -599999999999999763132
-46499999999999999662616 -8199999999999999639650 -8199999999999999639650 -5199999999999999740074 -1599999999999999732169 -1599999999999999732169 -1599999999999999732169 -1599999999999999732169 -1599999999999999732169 229610 229610 229610 229610 229610 229610 229610 229610 229610 229610 229610 229610 229610 229610 229610 229610 229610 229610 229610 229610 229610 229610 229610 229610 229610 229610 229610 229610 229610 229610 229610
-30899999999999999789575 -13899999999999999796799 -13899999999999999796799 -9999999999999999802064 -9999999999999999802064 -7699999999999999642201 223044 223044 223044 223044 223044 223044 223044 223044 223044 223044 223044 223044 223044 223044 223044 223044 223044 223044 223044 223044 223044 223044 223044 223044 223044 223044 223044 223044 223044 223044 223044 223044 223044 223044
-13899999999999999856177 -13899999999999999856177 -11599999999999999712145 -9099999999999999763511 -9099999999999999763511 -9099999999999999763511 -9099999999999999763511 -2699999999999999734884 -2699999999999999734884 -2699999999999999734884 -599999999999999737201 -599999999999999737201 -599999999999999737201 -599999999999999737201 -599999999999999737201 -599999999999999737201 -599999999999999737201 -599999999999999737201 -599999999999999737201 -599999999999999737201 152339 152339 152339 152339 152339 152339 152339 152339 152339 152339 152339 152339 152339 152339 152339 152339 152339 152339 152339 152339
-66599999999999999805399 -11999999999999999826321 -11999999999999999826321 -7999999999999999715067 -7999999999999999715067 -7999999999999999715067 -5099999999999999821206 -5099999999999999821206 -5099999999999999821206 -5099999999999999821206 -5099999999999999821206 -5099999999999999821206 -4399999999999999773948 -4199999999999999833644 -4199999999999999833644 -4199999999999999833644 -4199999999999999833644 -4199999999999999833644 -4199999999999999833644 -4199999999999999833644 -4199999999999999833644 -4199999999999999833644 -4199999999999999833644 -4199999999999999833644 -4199999999999999833644 -4199999999999999833644 -4199999999999999833644 -4199999999999999833644 -4199999999999999833644 -4199999999999999833644 -4199999999999999833644 -4199999999999999833644 -4199999999999999833644 -4199999999999999833644 -4199999999999999833644 -4199999999999999833644 -4199999999999999833644 -4199999999999999833644 -4199999999999999833644 -4199999999999999833644
-20799999999999999685171 -10299999999999999727910 -8899999999999999830452 -3599999999999999865562 -3599999999999999865562 -3599999999999999865562 -599999999999999767263 131171 131171 131171 131171 131171 131171 131171 131171 131171 131171 131171 131171 131171 131171 131171 131171 131171 131171 131171 131171 131171 131171 131171 131171 131171 131171 131171 131171 131171 131171 131171 131171 131171
-48799999999999999551932 -17599999999999999743773 -10799999999999999658650 -10799999999999999658650 -10799999999999999658650 -8899999999999999661695 -8799999999999999725839 -2499999999999999618572 -2499999999999999618572 -2499999999999999618572 -2499999999999999618572 -1799999999999999774110 -1799999999999999774110 -1799999999999999774110 -1799999999999999774110 -1799999999999999774110 -1799999999999999774110 -1799999999999999774110 -1799999999999999774110 -1799999999999999774110 -1799999999999999774110 -1799999999999999774110 -1799999999999999774110 -1799999999999999774110 -1799999999999999774110 -1799999999999999774110 -1799999999999999774110 -1799999999999999774110 -1799999999999999774110 -1799999999999999774110 -1799999999999999774110 -1799999999999999774110 -1799999999999999774110 -1799999999999999774110 -1799999999999999774110 -1799999999999999774110 -1799999999999999774110 -1799999999999999774110 -1799999999999999774110 -1799999999999999774110

GA3 Results:
-28999999999999999804459 -8299999999999999695622 147034 261511 261511 294344 294344 294344 294344 294344 391625 391625 391625 391625 391625 399059 401738 402768 406579 406579 425948 431628 450323 492642 492642 492642 492642 492642 492642 492642 502559 502559 502559 502559 502559 502559 502559 502559 502559 517708
-29799999999999999791782 -7999999999999999808544 -1499999999999999744466 347674 347674 347674 347674 374737 418608 418608 418608 430147 430147 430147 430147 442059 457262 457722 475288 475288 475288 475288 475288 475288 475288 475288 475288 475288 477747 487485 487485 487485 487485 487485 487485 493855 493855 493855 493855 493855
-25999999999999999691143 -8499999999999999769179 -899999999999999718464 328325 341773 351127 378907 387305 387305 439777 439777 439777 439777 439777 439777 439777 457453 498296 498296 498296 498296 498296 498296 498296 498296 500083 508073 508073 508073 508073 508073 508073 508073 508122 508122 508122 508122 508122 508122 536585
-29399999999999999785932 189948 189948 222586 279384 392698 392698 397254 430122 430122 430574 430574 474023 474023 474023 482843 482843 482843 510567 510567 510567 510567 510567 510567 510567 510567 510567 510567 510567 528654 528654 528654 528654 528654 528654 528654 528654 528654 528654 528654
-30899999999999999657760 -8899999999999999763253 292685 292685 313178 363971 363971 363971 363971 363971 363971 371613 379374 414777 414777 414777 428014 428014 469572 469572 469572 469572 478795 478795 478795 484023 484033 486961 486961 488049 488049 490055 490055 490055 490055 490055 490055 499262 499262 500905
-31499999999999999675958 269950 269950 269950 317097 338522 338522 338522 416678 416678 416678 425286 435562 435562 453115 453115 478287 478287 478287 478287 478287 479450 484730 484730 484730 499635 499635 499635 499635 499635 499635 499635 499635 499635 499635 499635 499635 499635 499635 499635
-35199999999999999556441 -10899999999999999775747 179260 248971 262668 262668 282844 316810 333645 366804 366804 423931 423931 423931 423931 428919 428919 428919 435139 435139 435139 435139 444742 444758 459455 459455 461013 461152 469128 469128 472531 472531 472531 494387 494387 494387 494387 494387 494387 494387
-8399999999999999738119 245157 277169 277169 294084 297479 320776 320776 368573 397580 416210 437352 465735 465735 476561 477311 478812 527976 527976 527976 527976 527976 531331 540552 540552 540552 540552 540552 540552 540552 540552 540552 540552 540552 540552 540552 540552 540552 540552 540552
-15799999999999999819021 -399999999999999755398 -399999999999999755398 310101 318271 336669 336669 336669 342010 395704 430927 442969 442969 442969 464194 465805 465805 465805 471414 471414 478861 516894 516894 516894 516894 516894 516894 516894 516894 516894 516894 516894 516894 516894 516894 518216 518216 518216 518216 518216
-27999999999999999745018 228395 301224 301224 301224 375913 375913 378959 435799 438524 438524 438524 451387 451387 451387 459351 492375 492375 492375 492375 492375 492375 492375 492375 492375 492375 492375 495758 495758 501438 501438 501438 501438 501438 501438 501438 501438 516803 516803 516803
-21599999999999999753624 -2299999999999999805111 217714 312220 350056 363020 408420 450143 450143 450143 454276 454276 454276 470227 470227 470227 470227 470227 470227 470227 470227 470227 508676 508676 508676 508676 508676 508676 508676 508676 508676 508676 508676 508676 508676 508676 519656 519656 519656 519656
-32299999999999999781402 345307 345307 345307 345307 345307 345307 357253 410972 410972 420006 420006 427187 428607 468890 468890 468890 478639 478639 478639 478639 478639 478639 484488 484488 484488 484488 484488 486693 491591 491591 491591 491591 491591 491591 491591 491591 491591 491591 491591
-34899999999999999734858 136672 277466 291566 291566 355262 355262 355262 355262 393229 399115 399115 414574 414574 414574 414574 462081 462081 462081 462081 462081 462081 462081 482976 490110 490110 490110 495665 521576 521576 526956 526956 532063 532063 532063 532063 532063 536476 536476 536476
-24399999999999999640378 250693 262459 268627 366883 366883 418557 418557 432041 432041 432041 437906 442348 442348 456966 456966 456966 456966 456966 462547 462547 479580 479580 486516 486516 486516 486516 486516 499748 521198 521198 521198 521198 521198 521198 521198 521198 521198 521198 521198
-27199999999999999722723 139898 214025 317553 317553 333121 333121 373969 373969 424007 424007 424007 424961 458193 458193 458193 458193 458193 458193 458193 458193 458193 464183 464183 479149 479149 479149 479149 479149 479149 479149 479149 479149 479149 491616 491616 491616 491616 491616 491616
-26599999999999999794714 -8399999999999999735988 181602 228637 242041 266410 344919 373807 373807 408351 446026 446026 446026 448517 448517 492331 498018 498018 498018 498018 511026 513948 513948 513948 513948 524365 524365 524365 524365 524365 524365 524365 524365 524365 524365 524365 524365 527421 547454 547454
-26199999999999999780530 -3399999999999999745045 -1999999999999999867640 305236 305236 394415 402575 402575 406307 407486 440529 475775 475775 475775 475775 475775 475775 475775 475775 475775 475775 493542 493542 494260 494700 505593 505593 531514 531514 531514 531514 531514 531514 531514 531514 531514 531514 531514 531514 531514
-26199999999999999766561 -6499999999999999867462 177852 226359 265205 265205 331215 331215 331215 378561 378561 378561 378561 378561 378561 378561 401059 401059 401059 401059 401059 413038 419750 442256 442256 443791 452297 475857 475857 475857 481790 483400 483400 490497 491497 508888 508888 508888 508888 508888
-23999999999999999648713 274883 303849 303849 369716 369716 369716 369716 435068 435068 435275 444372 464984 464984 464984 464984 464984 464984 464984 464984 464984 466814 487065 487065 487065 487065 487065 495815 522777 522777 527728 527728 527728 527728 527728 527728 527728 542078 552227 554767
-35999999999999999661251 -4099999999999999776889 342962 342962 342962 342962 342962 360841 364664 387680 387680 409757 447005 447005 447005 447005 447005 447005 476689 476689 476689 476689 476689 476689 493084 493084 493084 493084 493084 493084 493084 493084 493084 493084 493084 520252 520252 520721 520721 520721
-19899999999999999698944 -6599999999999999715886 251416 351106 351106 351106 351106 376023 412367 412367 412367 426479 426479 446326 446326 446326 446326 451493 477223 477223 477223 477223 477223 477902 477902 479907 489467 489467 496255 496255 496255 496255 496255 496255 496255 510383 510383 510383 510383 510383
-39499999999999999728326 -6099999999999999704886 329760 329760 394529 394529 394529 412959 435026 435026 435026 435026 435026 438361 438361 438361 438361 438361 438361 438361 455897 460808 460808 460808 460808 460808 460808 460808 460808 460808 460808 481823 481823 481823 481823 481823 481823 516998 516998 516998
-26599999999999999778223 412527 412527 412527 412527 412527 412527 412527 412527 412527 438951 458171 458171 458171 458171 459388 460540 460540 460540 467398 467398 475522 475522 475522 484894 484894 487059 487059 488540 488540 494107 498102 498102 498102 498102 498102 498102 498102 498102 523508
-29499999999999999691152 -6699999999999999686657 297641 297641 297641 320825 320825 366094 380219 417138 417138 431690 440450 458790 458790 458790 545067 545067 545067 545067 545067 545067 545067 545067 545067 545067 545067 545067 545067 545067 545067 545067 545067 545067 545067 545067 545067 545067 545067 545067
-22499999999999999794678 -799999999999999662939 221167 296943 393951 393951 393951 404302 404302 429342 429342 429342 457561 457561 458426 458426 481553 481553 481553 481553 481553 485702 485702 488858 488858 488858 503018 503018 536030 536030 536030 536030 536030 536030 536030 536030 536030 536030 536030 536030
-12499999999999999760417 -2499999999999999807618 272673 272673 288430 290636 337756 356065 356065 356065 356065 389891 400536 400536 408014 470462 470462 470462 470462 470462 470462 470462 470462 492086 492086 492086 492086 492086 492086 492086 492086 492086 492086 492086 492086 492086 492086 492086 492086 507399
-22899999999999999727869 -9499999999999999824308 225731 345777 345777 345777 376033 376033 384497 398703 398703 398703 404777 437309 440577 440577 440577 444000 476119 476119 490193 490193 490193 490193 499955 501806 501806 501806 501806 501806 501806 501806 535891 535891 535891 535891 535891 535891 535891 535891
-23199999999999999758842 -4799999999999999763281 215950 384080 384080 384080 384080 384080 384080 406151 408945 415467 415467 421871 449400 449400 449400 457996 465083 465083 491361 491361 491361 491361 491361 491361 491361 507150 507150 507150 507150 507150 507150 507150 507150 507150 507150 507150 509592 509592
-7199999999999999826233 -7199999999999999826233 241069 241069 241069 266989 411445 411445 411445 415455 415455 459513 459513 459513 459513 484166 484166 484166 484166 484166 484166 488901 488901 488901 488901 488901 488901 488901 498343 498343 498343 499832 499832 499832 499832 499832 500830 505969 505969 521796
-15499999999999999742977 -4599999999999999729874 263308 407448 407448 407448 407448 407448 420912 420912 420912 420912 435661 435661 435661 439999 439999 441844 456192 468470 474934 474934 477268 499144 517415 517415 517415 517415 517415 517415 517415 517415 517415 517415 517415 517415 517415 517415 517415 517415

