MKP6 Results:
BPSO1 Results:
127212 129152 129482 129482 129482 129482 129482 129482 129482 129482 129482 129482 130123 130123 130123 130123 130123 130123 130123 130123 130123 130123 130123 130123 130123 130123 130123 130623 130623 130623 130623 130623 130623 130623 130623 130623 130623 130623 130623 130623
122554 129103 129103 130123 130123 130123 130123 130123 130123 130123 130123 130123 130233 130233 130233 130233 130233 130233 130233 130233 130233 130233 130233 130233 130233 130233 130233 130233 130233 130233 130233 130233 130233 130233 130233 130233 130233 130233 130233 130233
128017 128017 129618 129798 129798 130053 130053 130053 130163 130163 130163 130163 130163 130163 130163 130163 130163 130163 130163 130163 130163 130163 130163 130163 130163 130163 130163 130163 130163 130163 130163 130163 130163 130163 130163 130163 130163 130163 130163 130163
124925 128332 129798 129798 129798 129798 129798 129798 129798 129798 130623 130623 130623 130623 130623 130623 130623 130623 130623 130623 130623 130623 130623 130623 130623 130623 130623 130623 130623 130623 130623 130623 130623 130623 130623 130623 130623 130623 130623 130623
116803 129298 129298 130213 130233 130233 130233 130233 130233 130233 130233 130233 130233 130233 130233 130233 130233 130233 130233 130233 130233 130233 130233 130233 130233 130233 130233 130233 130233 130233 130233 130233 130233 130233 130233 130233 130233 130233 130233 130233
117360 117635 123080 127960 130163 130202 130202 130202 130202 130202 130202 130202 130202 130202 130213 130213 130213 130213 130213 130213 130213 130213 130213 130213 130213 130213 130213 130213 130213 130213 130213 130213 130213 130213 130213 130213 130213 130213 130213 130213
122433 122433 122433 125636 128893 128893 129493 129493 129493 129493 129493 129798 129798 129798 129798 129798 129798 129798 129798 129798 129798 129798 129798 129798 129798 129798 129798 129798 129798 129798 129798 129798 129798 129798 129798 129798 129798 129798 129798 129798
125463 128293 130113 130623 130623 130623 130623 130623 130623 130623 130623 130623 130623 130623 130623 130623 130623 130623 130623 130623 130623 130623 130623 130623 130623 130623 130623 130623 130623 130623 130623 130623 130623 130623 130623 130623 130623 130623 130623 130623
120873 128028 128453 129093 129093 129728 129728 129908 129908 129908 129908 129908 129908 129908 129908 129908 129908 129908 129908 129908 129908 129908 129908 129908 129908 129908 129908 129908 129908 129908 129908 129908 129908 129908 129908 129908 129908 129908 129908 130092
129021 129021 129908 129908 129908 129908 130223 130223 130223 130223 130223 130223 130223 130223 130223 130223 130223 130223 130223 130223 130223 130223 130223 130223 130223 130223 130223 130223 130223 130223 130223 130223 130223 130223 130223 130223 130223 130223 130223 130223
121758 129482 129482 129482 129482 130123 130123 130123 130123 130123 130123 130123 130123 130123 130123 130123 130123 130123 130623 130623 130623 130623 130623 130623 130623 130623 130623 130623 130623 130623 130623 130623 130623 130623 130623 130623 130623 130623 130623 130623
128343 129103 129142 130202 130202 130223 130223 130223 130223 130223 130223 130223 130223 130223 130223 130623 130623 130623 130623 130623 130623 130623 130623 130623 130623 130623 130623 130623 130623 130623 130623 130623 130623 130623 130623 130623 130623 130623 130623 130623
127793 130013 130223 130223 130623 130623 130623 130623 130623 130623 130623 130623 130623 130623 130623 130623 130623 130623 130623 130623 130623 130623 130623 130623 130623 130623 130623 130623 130623 130623 130623 130623 130623 130623 130623 130623 130623 130623 130623 130623
126293 127002 127961 128353 128353 129613 129613 130163 130233 130233 130233 130233 130233 130233 130233 130233 130233 130233 130233 130233 130233 130233 130233 130233 130233 130233 130233 130233 130233 130233 130233 130233 130233 130233 130233 130233 130233 130233 130233 130233
120855 128003 128243 129223 129688 129688 129688 129688 129688 129688 129688 129688 129688 129688 129688 129688 129688 129688 129688 130113 130113 130113 130113 130113 130113 130113 130623 130623 130623 130623 130623 130623 130623 130623 130623 130623 130623 130623 130623 130623
124326 126513 127913 128212 128212 128212 128212 128212 128322 128342 128342 128983 128983 129093 129093 130623 130623 130623 130623 130623 130623 130623 130623 130623 130623 130623 130623 130623 130623 130623 130623 130623 130623 130623 130623 130623 130623 130623 130623 130623
122939 125772 127422 127617 129032 129103 129103 129103 129103 129103 129103 130123 130123 130123 130123 130123 130123 130123 130202 130202 130202 130202 130202 130202 130202 130202 130202 130233 130233 130233 130233 130233 130233 130233 130233 130233 130233 130233 130233 130233
120675 126181 128131 130202 130202 130202 130202 130233 130233 130233 130233 130233 130233 130233 130233 130233 130233 130233 130233 130233 130233 130233 130233 130233 130233 130233 130233 130233 130233 130233 130233 130233 130233 130233 130233 130233 130233 130233 130233 130233
118151 124020 129242 129242 129242 129242 129242 129242 130223 130223 130223 130223 130223 130223 130223 130223 130223 130223 130223 130223 130223 130223 130223 130223 130223 130223 130223 130223 130223 130223 130223 130223 130223 130223 130223 130223 130223 130223 130223 130223
127428 128017 128017 128017 128017 129908 129908 129908 129908 129908 129908 129908 129908 129908 129908 129908 129943 129943 129943 129943 130092 130092 130092 130092 130092 130092 130092 130092 130092 130092 130092 130092 130092 130092 130092 130092 130092 130092 130092 130092
128021 128933 130163 130202 130202 130202 130202 130202 130202 130202 130202 130202 130202 130202 130202 130202 130202 130233 130233 130233 130233 130233 130233 130233 130233 130233 130233 130233 130233 130233 130233 130233 130233 130233 130233 130233 130233 130233 130233 130233
128273 129223 129223 130053 130053 130202 130202 130202 130202 130202 130202 130202 130202 130202 130202 130202 130202 130202 130202 130202 130202 130202 130202 130202 130202 130202 130202 130202 130202 130202 130202 130202 130202 130202 130202 130202 130202 130202 130202 130202
120944 125777 127953 128913 128913 128913 128913 130053 130053 130053 130202 130202 130213 130213 130213 130213 130213 130213 130213 130213 130213 130213 130213 130213 130213 130213 130213 130213 130213 130213 130213 130213 130213 130213 130213 130213 130213 130213 130213 130213
121680 123484 127942 128368 128763 128763 130223 130223 130223 130223 130223 130223 130223 130223 130223 130223 130223 130223 130223 130223 130223 130223 130223 130223 130223 130223 130223 130223 130623 130623 130623 130623 130623 130623 130623 130623 130623 130623 130623 130623
122975 127662 127882 128322 128322 128502 128982 128982 128982 129733 129733 129733 129733 129733 129733 129733 129733 129733 129733 129733 129733 129733 129733 129733 129733 130013 130013 130013 130013 130013 130013 130013 130013 130013 130013 130013 130013 130013 130013 130013
126702 130013 130013 130013 130013 130123 130123 130123 130123 130123 130123 130123 130123 130123 130123 130123 130123 130123 130123 130123 130123 130123 130123 130123 130123 130123 130123 130123 130123 130123 130123 130123 130123 130123 130123 130123 130123 130123 130123 130123
120903 129123 129272 129272 129272 129272 129272 129272 129272 129272 129272 129272 129272 129482 129482 129482 129482 129482 129482 129482 129482 129482 129482 129482 129482 129482 129482 129482 129482 129482 129482 129482 129482 129482 129482 129482 129482 129482 129482 129482
126832 128452 128453 128453 129123 129272 129272 129272 129272 129272 129272 130202 130202 130202 130202 130202 130202 130202 130202 130202 130202 130202 130202 130202 130202 130202 130202 130202 130202 130202 130202 130202 130202 130202 130202 130202 130202 130202 130202 130202
128578 129152 130103 130103 130123 130123 130233 130233 130233 130233 130233 130233 130233 130233 130233 130233 130233 130233 130233 130233 130233 130233 130233 130233 130233 130233 130233 130233 130233 130233 130233 130233 130233 130233 130233 130233 130233 130233 130233 130233
128342 129908 129908 129908 129908 129908 129908 129908 129908 129908 129908 129908 129908 129908 129908 129908 129908 129908 129908 129908 129908 129908 129908 129908 129908 129908 129908 129908 129908 129908 129908 129908 129908 129908 129908 129908 129908 129908 129908 129908

GA1 Results:
124478 127793 130213 130213 130213 130213 130233 130233 130233 130233 130233 130233 130233 130233 130233 130233 130233 130233 130233 130233 130233 130233 130233 130233 130233 130233 130233 130233 130233 130233 130233 130233 130233 130233 130233 130233 130233 130233 130233 130233
120664 128602 129163 129283 129283 129283 129283 129283 129283 129283 129283 129283 129283 129283 129283 129283 129283 129283 129283 129283 129283 129283 129283 129283 129283 129283 129283 129283 129283 129283 129283 129283 129283 129283 129283 129283 129283 129283 129283 129283
124687 127793 128452 130123 130123 130123 130123 130223 130223 130223 130223 130623 130623 130623 130623 130623 130623 130623 130623 130623 130623 130623 130623 130623 130623 130623 130623 130623 130623 130623 130623 130623 130623 130623 130623 130623 130623 130623 130623 130623
126167 128668 128668 130123 130223 130223 130623 130623 130623 130623 130623 130623 130623 130623 130623 130623 130623 130623 130623 130623 130623 130623 130623 130623 130623 130623 130623 130623 130623 130623 130623 130623 130623 130623 130623 130623 130623 130623 130623 130623
119919 129618 129698 130213 130213 130233 130233 130233 130233 130233 130233 130233 130233 130233 130233 130233 130233 130233 130233 130233 130233 130233 130233 130233 130233 130233 130233 130233 130233 130233 130233 130233 130233 130233 130233 130233 130233 130233 130233 130233
126378 129063 129798 130233 130233 130233 130233 130233 130233 130233 130233 130233 130233 130233 130233 130233 130233 130233 130233 130233 130233 130233 130233 130233 130233 130233 130233 130233 130233 130233 130233 130233 130233 130233 130233 130233 130233 130233 130233 130233
120860 122955 125737 130233 130233 130233 130233 130233 130233 130233 130233 130233 130233 130233 130233 130233 130233 130233 130233 130233 130233 130233 130233 130233 130233 130233 130233 130233 130233 130233 130233 130233 130233 130233 130233 130233 130233 130233 130233 130233
118036 122959 123999 125360 125360 125360 125360 125360 125360 125360 125360 126698 127177 130053 130053 130053 130223 130223 130623 130623 130623 130623 130623 130623 130623 130623 130623 130623 130623 130623 130623 130623 130623 130623 130623 130623 130623 130623 130623 130623
117847 126733 128723 130623 130623 130623 130623 130623 130623 130623 130623 130623 130623 130623 130623 130623 130623 130623 130623 130623 130623 130623 130623 130623 130623 130623 130623 130623 130623 130623 130623 130623 130623 130623 130623 130623 130623 130623 130623 130623
121540 123860 123889 125070 125360 125360 125360 130123 130123 130223 130623 130623 130623 130623 130623 130623 130623 130623 130623 130623 130623 130623 130623 130623 130623 130623 130623 130623 130623 130623 130623 130623 130623 130623 130623 130623 130623 130623 130623 130623
127243 130013 130123 130623 130623 130623 130623 130623 130623 130623 130623 130623 130623 130623 130623 130623 130623 130623 130623 130623 130623 130623 130623 130623 130623 130623 130623 130623 130623 130623 130623 130623 130623 130623 130623 130623 130623 130623 130623 130623
125523 130123 130123 130233 130233 130233 130233 130233 130233 130233 130233 130233 130233 130233 130233 130233 130233 130233 130233 130233 130233 130233 130233 130233 130233 130233 130233 130233 130233 130233 130233 130233 130233 130233 130233 130233 130233 130233 130233 130233
122260 126348 129808 130233 130233 130233 130233 130233 130233 130233 130233 130233 130233 130233 130233 130233 130233 130233 130233 130233 130233 130233 130233 130233 130233 130233 130233 130233 130233 130233 130233 130233 130233 130233 130233 130233 130233 130233 130233 130233
129162 130092 130092 130092 130202 130202 130213 130213 130213 130213 130233 130233 130233 130233 130233 130233 130233 130233 130233 130233 130233 130233 130233 130233 130233 130233 130233 130233 130233 130233 130233 130233 130233 130233 130233 130233 130233 130233 130233 130233
121422 127423 129808 129808 129808 129808 130233 130233 130233 130233 130233 130233 130233 130233 130233 130233 130233 130233 130233 130233 130233 130233 130233 130233 130233 130233 130233 130233 130233 130233 130233 130233 130233 130233 130233 130233 130233 130233 130233 130233
128502 129142 130103 130213 130213 130213 130233 130233 130233 130233 130233 130233 130233 130233 130233 130233 130233 130233 130233 130233 130233 130233 130233 130233 130233 130233 130233 130233 130233 130233 130233 130233 130233 130233 130233 130233 130233 130233 130233 130233
122614 130123 130123 130623 130623 130623 130623 130623 130623 130623 130623 130623 130623 130623 130623 130623 130623 130623 130623 130623 130623 130623 130623 130623 130623 130623 130623 130623 130623 130623 130623 130623 130623 130623 130623 130623 130623 130623 130623 130623
127683 128513 129082 129082 130092 130092 130092 130202 130213 130233 130233 130233 130233 130623 130623 130623 130623 130623 130623 130623 130623 130623 130623 130623 130623 130623 130623 130623 130623 130623 130623 130623 130623 130623 130623 130623 130623 130623 130623 130623
122805 129808 129808 130213 130233 130233 130233 130233 130623 130623 130623 130623 130623 130623 130623 130623 130623 130623 130623 130623 130623 130623 130623 130623 130623 130623 130623 130623 130623 130623 130623 130623 130623 130623 130623 130623 130623 130623 130623 130623
122659 128793 129303 129303 129698 129943 130233 130233 130233 130233 130233 130233 130233 130233 130233 130233 130233 130233 130233 130233 130233 130233 130233 130233 130233 130233 130233 130233 130233 130233 130233 130233 130233 130233 130233 130233 130233 130233 130233 130233
122613 127513 129223 129733 129733 129733 129733 129733 129733 129733 129733 129733 129733 129733 129733 130233 130233 130233 130233 130233 130233 130233 130233 130233 130233 130233 130233 130233 130233 130233 130233 130233 130233 130233 130233 130233 130233 130233 130233 130233
123747 126772 129223 129223 129333 130013 130123 130123 130123 130223 130223 130223 130223 130223 130623 130623 130623 130623 130623 130623 130623 130623 130623 130623 130623 130623 130623 130623 130623 130623 130623 130623 130623 130623 130623 130623 130623 130623 130623 130623
125143 127402 130092 130092 130233 130233 130233 130233 130233 130233 130233 130233 130623 130623 130623 130623 130623 130623 130623 130623 130623 130623 130623 130623 130623 130623 130623 130623 130623 130623 130623 130623 130623 130623 130623 130623 130623 130623 130623 130623
129013 129013 130013 130013 130013 130123 130223 130223 130223 130223 130623 130623 130623 130623 130623 130623 130623 130623 130623 130623 130623 130623 130623 130623 130623 130623 130623 130623 130623 130623 130623 130623 130623 130623 130623 130623 130623 130623 130623 130623
122507 125638 129162 129162 130213 130213 130233 130233 130233 130233 130233 130233 130233 130233 130233 130233 130233 130233 130233 130233 130233 130233 130233 130233 130233 130233 130233 130233 130233 130233 130233 130233 130233 130233 130233 130233 130233 130233 130233 130233
126502 129092 130113 130123 130233 130233 130233 130233 130233 130233 130233 130233 130233 130233 130233 130233 130233 130233 130233 130233 130233 130233 130233 130233 130233 130233 130233 130233 130233 130233 130233 130233 130233 130233 130233 130233 130233 130233 130233 130233
126432 127262 127262 129032 129032 130202 130202 130202 130233 130233 130233 130233 130233 130233 130233 130233 130233 130233 130233 130233 130233 130233 130233 130233 130233 130233 130233 130233 130233 130233 130233 130233 130233 130233 130233 130233 130233 130233 130233 130233
126233 128358 130013 130202 130202 130233 130233 130233 130233 130233 130233 130233 130233 130233 130233 130233 130233 130233 130233 130233 130233 130233 130233 130233 130233 130233 130233 130233 130233 130233 130233 130233 130233 130233 130233 130233 130233 130233 130233 130233
118446 130623 130623 130623 130623 130623 130623 130623 130623 130623 130623 130623 130623 130623 130623 130623 130623 130623 130623 130623 130623 130623 130623 130623 130623 130623 130623 130623 130623 130623 130623 130623 130623 130623 130623 130623 130623 130623 130623 130623
125848 129082 130103 130103 130213 130213 130213 130213 130233 130233 130233 130233 130233 130233 130233 130233 130233 130233 130233 130233 130233 130233 130233 130233 130233 130233 130233 130233 130233 130233 130233 130233 130233 130233 130233 130233 130233 130233 130233 130233

BPSO2 Results:
121680 125843 126353 128578 128578 130123 130123 130123 130123 130123 130123 130233 130233 130233 130233 130233 130233 130233 130233 130233 130233 130233 130233 130233 130233 130233 130233 130233 130233 130233 130233 130233 130233 130233 130233 130233 130233 130233 130233 130233
117206 122159 130103 130103 130103 130103 130103 130103 130103 130103 130213 130213 130213 130213 130213 130213 130213 130213 130213 130213 130213 130213 130213 130213 130213 130213 130213 130213 130213 130213 130213 130213 130213 130213 130213 130213 130213 130213 130213 130213
121140 128552 130233 130233 130233 130623 130623 130623 130623 130623 130623 130623 130623 130623 130623 130623 130623 130623 130623 130623 130623 130623 130623 130623 130623 130623 130623 130623 130623 130623 130623 130623 130623 130623 130623 130623 130623 130623 130623 130623
128663 129032 129032 129032 130202 130202 130202 130202 130202 130202 130202 130213 130213 130213 130213 130213 130213 130213 130213 130213 130213 130213 130213 130213 130213 130213 130213 130213 130213 130233 130233 130233 130233 130233 130233 130233 130233 130233 130233 130233
121194 121704 121704 121704 122115 125227 125698 125698 128993 128993 129173 129173 129173 129173 129173 129173 129173 129173 129173 129173 129173 129173 129173 129173 129173 129173 129173 129173 129173 129173 129173 129173 129173 129173 129173 129173 129173 129173 129173 129173
126297 126297 128833 129152 130092 130092 130123 130123 130202 130202 130202 130202 130202 130202 130202 130202 130202 130202 130202 130202 130202 130202 130213 130233 130233 130233 130233 130233 130233 130233 130233 130233 130233 130233 130233 130233 130233 130233 130233 130233
117965 119580 119900 123364 127243 128013 128603 128623 128911 128911 128911 129132 129132 129132 130092 130092 130092 130092 130092 130092 130092 130092 130092 130092 130092 130092 130092 130092 130092 130092 130092 130092 130092 130092 130092 130092 130092 130092 130092 130092
119218 121890 123345 126473 126583 127538 127918 129023 129023 129023 129023 129023 129023 129023 129023 129023 129023 129023 129023 129023 129023 129023 129023 129023 129023 129023 129023 129023 129023 129023 129023 129023 129023 129023 129023 129023 129023 129023 129023 129023
119617 127943 127943 128243 129162 129162 129162 129162 129272 130623 130623 130623 130623 130623 130623 130623 130623 130623 130623 130623 130623 130623 130623 130623 130623 130623 130623 130623 130623 130623 130623 130623 130623 130623 130623 130623 130623 130623 130623 130623
125192 126273 128623 128673 128673 128773 128773 128933 130053 130053 130053 130053 130053 130053 130053 130213 130213 130213 130213 130213 130213 130213 130213 130213 130213 130213 130213 130213 130213 130213 130213 130213 130213 130213 130213 130213 130213 130213 130213 130213
118224 127538 129173 129173 129173 130123 130123 130123 130123 130123 130123 130123 130213 130213 130213 130213 130213 130213 130213 130213 130213 130213 130213 130213 130213 130213 130213 130213 130213 130213 130213 130213 130213 130213 130213 130213 130213 130213 130213 130213
116818 129162 129162 129173 129283 129283 130113 130113 130113 130113 130623 130623 130623 130623 130623 130623 130623 130623 130623 130623 130623 130623 130623 130623 130623 130623 130623 130623 130623 130623 130623 130623 130623 130623 130623 130623 130623 130623 130623 130623
123190 127948 127948 129242 129242 129242 130213 130213 130213 130213 130213 130213 130233 130233 130233 130233 130233 130233 130233 130233 130233 130233 130233 130233 130233 130233 130233 130233 130233 130233 130233 130233 130233 130233 130233 130233 130233 130233 130233 130233
128763 128763 128983 129493 129493 129493 129493 129723 129723 129723 129723 130053 130053 130053 130053 130053 130053 130053 130053 130053 130053 130053 130053 130202 130202 130202 130202 130202 130202 130202 130202 130202 130202 130202 130202 130202 130202 130202 130202 130202
119009 123740 125250 128573 129052 129052 129063 129103 129103 129103 130123 130123 130123 130123 130123 130123 130123 130123 130123 130123 130123 130123 130123 130123 130123 130123 130123 130123 130123 130123 130123 130123 130123 130123 130123 130123 130123 130123 130123 130123
127538 128358 128358 128358 129798 129908 129908 129908 129908 130123 130123 130123 130123 130123 130123 130123 130123 130123 130123 130123 130623 130623 130623 130623 130623 130623 130623 130623 130623 130623 130623 130623 130623 130623 130623 130623 130623 130623 130623 130623
122820 125968 126623 128458 130123 130123 130123 130123 130123 130123 130123 130123 130123 130123 130123 130223 130223 130223 130223 130223 130223 130223 130223 130223 130223 130223 130223 130223 130223 130223 130223 130223 130223 130223 130223 130223 130223 130223 130223 130223
123762 129482 129482 129482 129482 129482 129482 129482 129482 129482 129482 129482 129482 129482 129482 129482 129482 129482 129482 129482 129482 129482 129482 129482 129482 129482 129482 129482 129482 129482 129482 129482 129482 129482 129482 129482 129482 129482 129482 129482
124030 127128 127283 127863 129283 129283 129283 129283 129283 129283 129283 129613 129613 130123 130123 130123 130123 130123 130123 130123 130123 130123 130123 130123 130123 130123 130123 130123 130123 130123 130123 130123 130123 130123 130123 130123 130123 130123 130123 130123
126227 127212 128173 128173 128173 129242 129242 129242 129242 129242 129242 129613 130092 130092 130092 130092 130092 130092 130092 130092 130092 130202 130202 130202 130202 130202 130202 130202 130202 130202 130202 130202 130202 130202 130202 130202 130202 130202 130202 130202
120453 128493 128833 128833 129798 129908 129908 129908 129908 129908 129908 129908 129908 129908 130202 130202 130202 130202 130202 130202 130202 130202 130202 130213 130213 130213 130213 130213 130213 130213 130213 130213 130213 130213 130213 130213 130213 130213 130213 130213
125887 129288 129288 129288 129618 129618 129618 129618 129618 129618 129618 129618 129618 129618 129618 129618 129728 129728 129728 129728 129728 129728 129728 129728 129728 129728 129728 129728 129728 129728 129728 129728 129728 129728 129728 129728 129728 129728 129728 129728
121745 129698 129698 129698 130123 130123 130123 130233 130233 130233 130233 130233 130233 130233 130233 130233 130233 130233 130233 130233 130233 130233 130233 130233 130233 130233 130233 130233 130233 130233 130233 130233 130233 130233 130233 130233 130233 130233 130233 130233
126113 128663 128673 128683 130092 130123 130123 130123 130123 130123 130233 130233 130233 130233 130233 130233 130233 130233 130233 130233 130233 130233 130233 130233 130233 130233 130233 130233 130233 130233 130233 130233 130233 130233 130233 130233 130233 130233 130233 130233
119460 122230 122280 128188 128513 129023 129303 129303 129333 129333 129943 129943 129943 129943 129943 129943 129943 129943 129943 129943 129943 129943 129943 129943 129943 129943 129943 129943 129943 129943 129943 129943 129943 129943 129943 129943 129943 129943 129943 129943
121339 121339 126333 127493 127513 128123 128123 128353 129173 129173 129173 129173 129173 129173 129173 129173 129173 130233 130233 130233 130233 130233 130233 130233 130233 130233 130233 130233 130233 130233 130233 130233 130233 130233 130233 130233 130233 130233 130233 130233
124992 127013 127333 128833 128833 128833 129398 129728 129728 129908 129908 129908 129908 129908 129908 129908 129908 129908 129908 129908 129908 129908 129908 129908 129908 129908 129908 129908 129908 129908 129908 129908 129908 129908 129908 129908 129908 130113 130113 130113
127092 127832 127863 128337 128513 129298 129298 129298 130213 130213 130213 130213 130233 130233 130233 130233 130233 130233 130233 130233 130233 130233 130233 130233 130233 130233 130233 130233 130233 130233 130233 130233 130233 130233 130233 130233 130233 130233 130233 130233
121630 124178 126733 128568 128568 130113 130113 130113 130113 130113 130113 130113 130202 130202 130202 130202 130202 130202 130202 130202 130202 130202 130202 130202 130202 130202 130202 130202 130202 130202 130202 130202 130202 130202 130202 130202 130202 130202 130202 130202
123340 129908 129908 130123 130123 130233 130233 130623 130623 130623 130623 130623 130623 130623 130623 130623 130623 130623 130623 130623 130623 130623 130623 130623 130623 130623 130623 130623 130623 130623 130623 130623 130623 130623 130623 130623 130623 130623 130623 130623

GA2 Results:
118420 122879 123594 128142 128453 129283 129283 129283 129283 129283 129283 129283 129283 129283 129283 129283 129283 130213 130233 130233 130233 130233 130233 130233 130233 130233 130233 130233 130233 130233 130233 130233 130233 130233 130233 130233 130233 130233 130233 130233
121084 123065 123594 123750 123750 123899 125360 125360 125360 125360 125360 125360 125360 127208 129303 129303 130233 130233 130233 130233 130233 130233 130233 130233 130233 130233 130233 130233 130233 130233 130233 130233 130233 130233 130233 130233 130233 130233 130233 130233
123594 129023 129173 129173 129173 130233 130233 130233 130233 130233 130233 130233 130233 130233 130233 130233 130233 130233 130233 130233 130233 130233 130233 130233 130233 130233 130233 130233 130233 130233 130233 130233 130233 130233 130233 130233 130233 130233 130233 130233
117056 119065 119065 119065 119065 119065 119065 119065 119065 119065 119690 123264 124550 124550 124550 124550 124550 124550 124550 124550 124550 124550 124550 124550 124550 124550 124550 124550 124550 124550 124550 124550 124550 124550 124550 124550 124550 124550 124550 124550
117196 128343 128453 128453 128453 128563 129123 129283 129283 129283 129283 129283 129283 129283 129283 129283 129283 130233 130233 130233 130233 130233 130233 130233 130233 130233 130233 130233 130233 130233 130233 130233 130233 130233 130233 130233 130233 130233 130233 130233
120164 121874 123800 123910 123995 123995 123995 125360 125360 125360 125360 125360 125360 125360 125360 130233 130233 130233 130233 130233 130233 130233 130233 130233 130233 130233 130233 130233 130233 130233 130233 130233 130233 130233 130233 130233 130233 130233 130233 130233
119297 127422 127422 128552 129272 129283 129283 129283 129283 129283 129283 129283 129283 129283 129283 129283 129283 129283 129283 129283 129283 129283 129283 129283 129283 129283 129283 129283 129283 129283 129283 129283 129283 129283 129283 129283 129283 129283 129283 129283
118729 120790 123594 123594 123594 123594 123594 123594 123594 123594 123594 123594 123594 123594 123594 123594 123594 123594 123594 123594 123594 123594 123594 123594 123594 123594 123594 123594 123594 123594 123594 123594 125882 125882 125882 125882 125882 125882 125882 125882
119814 124180 124180 124230 124340 124340 124550 124550 124550 124550 124550 124550 124550 124550 124550 124550 124550 124550 124550 124550 124550 124550 124550 124550 124550 124550 124550 124550 124550 124550 124550 124550 124550 124550 124550 124550 124550 124550 124550 124550
116658 120313 123075 129493 129493 129493 129493 129493 129493 129493 130053 130053 130233 130233 130233 130233 130233 130233 130233 130233 130233 130233 130233 130233 130233 130233 130233 130233 130233 130233 130233 130233 130233 130233 130233 130233 130233 130233 130233 130233
115842 121349 128453 128463 129023 129023 129123 129123 129123 129123 129123 129283 129283 129283 129283 129283 129283 129283 129283 129283 129283 129283 129283 129283 129283 129283 129283 129283 129283 129283 129283 129283 129283 129283 129283 129283 129283 129283 129283 129283
114029 120857 122759 128342 129013 129142 130213 130233 130233 130233 130233 130233 130233 130233 130233 130233 130233 130233 130233 130233 130233 130233 130233 130233 130233 130233 130233 130233 130233 130233 130233 130233 130233 130233 130233 130233 130233 130233 130233 130233
120284 121358 127921 128993 129173 129698 129808 129808 129908 129908 129908 130233 130233 130233 130233 130233 130233 130233 130233 130233 130233 130233 130233 130233 130233 130233 130233 130233 130233 130233 130233 130233 130233 130233 130233 130233 130233 130233 130233 130233
118756 118931 119719 121205 121205 121205 128353 129023 129023 129023 129123 129272 129272 129272 129283 129283 129283 129283 129283 129283 129283 129283 129283 129283 129283 129283 129283 129283 129283 129283 129283 129283 129283 129283 129283 129283 129283 129283 129283 129283
120975 127960 127960 129162 130202 130233 130233 130233 130233 130233 130233 130233 130233 130233 130233 130233 130233 130233 130233 130233 130233 130233 130233 130233 130233 130233 130233 130233 130233 130233 130233 130233 130233 130233 130233 130233 130233 130233 130233 130233
116200 122690 123559 123910 123910 123910 123910 123910 128502 129162 129808 129808 130233 130233 130233 130233 130233 130233 130233 130233 130233 130233 130233 130233 130233 130233 130233 130233 130233 130233 130233 130233 130233 130233 130233 130233 130233 130233 130233 130233
121577 122939 127322 127422 128102 129272 129283 129283 129283 129283 129283 129283 129283 129283 129283 129283 129283 129283 129283 129283 129283 129283 129283 129283 129283 129283 129283 129283 129283 129283 129283 129283 129283 129283 129283 129283 129283 129283 129283 129283
119219 122674 123159 123343 128452 128563 128673 128673 130123 130123 130123 130123 130223 130623 130623 130623 130623 130623 130623 130623 130623 130623 130623 130623 130623 130623 130623 130623 130623 130623 130623 130623 130623 130623 130623 130623 130623 130623 130623 130623
122570 123594 123594 123725 123730 123730 123750 123750 124390 124460 128583 129733 129733 129733 129733 129733 130233 130233 130233 130233 130233 130233 130233 130233 130233 130233 130233 130233 130233 130233 130233 130233 130233 130233 130233 130233 130233 130233 130233 130233
119700 119700 122698 128502 128502 130223 130223 130223 130223 130623 130623 130623 130623 130623 130623 130623 130623 130623 130623 130623 130623 130623 130623 130623 130623 130623 130623 130623 130623 130623 130623 130623 130623 130623 130623 130623 130623 130623 130623 130623
119764 123185 123850 124850 125360 125360 127768 128368 128673 128673 129023 129283 129283 129283 129283 129283 129283 129283 129283 129283 129283 129283 129283 129283 129283 129283 129283 129283 129283 129283 129283 129283 129283 129283 129283 129283 129283 129283 129283 129283
118955 119065 119739 128322 128322 128322 128322 129242 129242 129242 129242 129242 129283 129283 130213 130213 130233 130233 130233 130233 130233 130233 130233 130233 130233 130233 130233 130233 130233 130233 130233 130233 130233 130233 130233 130233 130233 130233 130233 130233
117108 119350 119350 124675 124675 124855 124855 124855 124855 124855 130123 130123 130223 130223 130223 130223 130223 130223 130223 130623 130623 130623 130623 130623 130623 130623 130623 130623 130623 130623 130623 130623 130623 130623 130623 130623 130623 130623 130623 130623
117399 120614 125992 126552 126552 127942 128442 129123 129283 129283 129283 129283 129283 129283 129283 129283 129283 129283 129283 129283 129283 129283 129283 129283 129283 129283 129283 129283 129283 129283 129283 129283 129283 129283 129283 129283 129283 129283 129283 129283
120239 120239 124527 129023 129023 129123 129333 129333 129333 129333 129333 129333 129733 130123 130123 130223 130223 130223 130223 130223 130623 130623 130623 130623 130623 130623 130623 130623 130623 130623 130623 130623 130623 130623 130623 130623 130623 130623 130623 130623
122409 123899 127227 128342 129272 129272 129272 129283 129283 129283 129283 129283 129283 129283 129283 129283 129283 129283 129283 129283 129283 129283 129283 129283 129283 129283 129283 129283 129283 129283 129283 129283 129283 129283 129283 129283 129283 129283 129283 129283
116689 119261 119601 122239 124675 126122 126122 130223 130223 130623 130623 130623 130623 130623 130623 130623 130623 130623 130623 130623 130623 130623 130623 130623 130623 130623 130623 130623 130623 130623 130623 130623 130623 130623 130623 130623 130623 130623 130623 130623
117401 123714 123714 123874 123874 123874 124379 129242 129242 129242 129242 130233 130233 130233 130233 130233 130233 130233 130233 130233 130233 130233 130233 130233 130233 130233 130233 130233 130233 130233 130233 130233 130233 130233 130233 130233 130233 130233 130233 130233
120094 123229 128212 128322 128353 129023 129173 129173 129173 129173 129173 129173 130213 130233 130233 130233 130233 130233 130233 130233 130233 130233 130233 130233 130233 130233 130233 130233 130233 130233 130233 130233 130233 130233 130233 130233 130233 130233 130233 130233
119444 122824 125472 125472 126453 130223 130223 130233 130233 130233 130233 130233 130233 130233 130233 130233 130233 130233 130233 130233 130233 130233 130233 130233 130233 130233 130233 130233 130233 130233 130233 130233 130233 130233 130233 130233 130233 130233 130233 130233

BPSO3 Results:
117104 128503 129013 129013 129173 129173 129173 129173 129173 129193 129193 130233 130233 130233 130233 130233 130233 130233 130233 130233 130233 130233 130233 130233 130233 130233 130233 130233 130233 130233 130233 130233 130233 130233 130233 130233 130233 130233 130233 130233
119575 121978 125683 128123 130213 130213 130213 130213 130213 130213 130213 130213 130213 130213 130213 130213 130213 130213 130213 130213 130213 130213 130213 130213 130213 130213 130213 130213 130213 130213 130213 130213 130213 130213 130213 130213 130213 130213 130213 130213
123390 126141 126193 127223 127733 127733 127733 127733 130103 130103 130103 130103 130233 130233 130233 130233 130233 130233 130233 130233 130233 130233 130233 130233 130233 130233 130233 130233 130233 130233 130233 130233 130233 130233 130233 130233 130233 130233 130233 130233
119114 127801 127801 129728 129728 129728 129728 129728 129728 129728 129728 129728 129728 129943 129943 129943 129943 129943 129943 129943 129943 129943 130092 130092 130092 130092 130092 130092 130092 130092 130092 130092 130092 130092 130092 130092 130092 130092 130092 130092
116620 126347 127212 127432 127982 127982 127982 127982 128492 128773 128773 128773 128833 128833 128833 129293 129293 129293 129293 129293 129293 129293 129293 129293 129293 129293 129293 129293 129293 129293 129293 129293 129293 129293 129293 129293 129293 129293 129293 129293
119334 126187 128583 128583 128583 129482 129482 129798 129798 129798 129798 129798 129798 129798 130103 130103 130103 130103 130103 130103 130103 130103 130103 130103 130103 130103 130103 130103 130103 130103 130103 130103 130103 130103 130103 130103 130103 130103 130103 130103
122434 122930 126157 129618 129618 129618 129618 129618 129618 129618 129618 129618 129618 129618 130213 130213 130213 130213 130213 130213 130233 130233 130233 130233 130233 130233 130233 130233 130233 130233 130233 130233 130233 130233 130233 130233 130233 130233 130233 130233
120397 126117 127913 128322 129103 129103 129103 129103 129283 129283 129798 129798 129798 129798 129798 129798 129798 129798 129798 129798 129798 129798 129798 129798 129798 129798 129798 129798 129798 129798 129798 129798 129798 129798 129798 129798 129798 129798 129798 129798
118469 127902 127902 127902 128452 128452 128452 129082 129082 129082 129223 129808 129808 129808 129808 129808 129808 129808 130233 130233 130233 130233 130233 130233 130233 130233 130233 130233 130233 130233 130233 130233 130233 130233 130233 130233 130233 130233 130233 130233
119470 126833 126833 127523 128578 128578 128683 130123 130123 130123 130123 130123 130123 130123 130123 130123 130123 130123 130123 130123 130123 130123 130123 130123 130123 130123 130123 130123 130123 130123 130123 130123 130123 130123 130123 130123 130123 130123 130123 130123
126047 126047 126532 127832 127832 127832 128452 128552 128552 128552 129193 129193 130123 130123 130123 130123 130123 130123 130123 130123 130123 130123 130123 130123 130123 130123 130123 130123 130123 130123 130123 130123 130123 130123 130123 130123 130123 130123 130123 130123
120178 122175 127832 127832 127832 130013 130013 130013 130013 130123 130123 130123 130123 130213 130213 130213 130213 130213 130213 130213 130213 130213 130213 130213 130213 130213 130213 130213 130213 130213 130213 130213 130213 130213 130213 130213 130213 130213 130213 130213
117110 127648 128568 129082 129082 129082 129082 129082 129082 129082 129082 129082 129082 129082 129082 129082 129082 129082 129082 129082 129082 129242 129242 129242 129242 129242 129242 129242 129242 129242 129242 129242 129242 129242 129242 129242 129242 129242 129242 129242
118925 125568 127442 127442 127442 127552 127811 127811 127811 127811 127811 128178 128178 129013 129013 129333 129333 129333 129333 129333 129333 130163 130163 130163 130163 130163 130163 130163 130163 130163 130163 130163 130163 130163 130163 130163 130163 130163 130163 130163
120475 128063 128063 129223 129223 129223 129223 129223 129223 129223 129733 129733 130123 130123 130123 130123 130123 130123 130123 130123 130123 130123 130123 130123 130123 130123 130123 130123 130123 130123 130123 130123 130123 130123 130123 130123 130123 130123 130123 130123
118125 126418 127673 128898 129093 129093 129093 129093 129223 129223 129223 129223 129223 129223 129223 129223 129223 129733 129733 129733 129733 129733 129733 129733 129733 129733 129733 129733 129733 129733 129733 129733 129733 129733 129733 129733 129733 129733 129733 129733
120615 122279 122535 122903 123190 124521 126008 128348 128348 129183 129183 129183 129183 129808 129808 129808 129808 129808 129808 129808 129808 129808 129808 129808 129808 129808 129808 129808 129808 129808 129808 129808 129808 129808 129808 129808 129808 129808 129808 129808
119219 128073 128073 128913 128913 128913 128913 128913 128913 128913 128913 128913 128913 129052 129052 129173 129173 129173 129173 129173 129173 129173 129173 129173 129173 129173 129173 129173 129173 129173 129173 129173 129173 129173 129173 129173 129173 129173 129173 129173
127672 129293 129293 130053 130053 130053 130053 130053 130053 130053 130053 130053 130053 130053 130053 130053 130053 130053 130053 130163 130202 130202 130202 130202 130202 130202 130202 130202 130202 130202 130202 130202 130202 130202 130202 130202 130202 130202 130202 130202
114394 124502 128573 128573 128573 128573 128573 128573 128573 128573 130103 130103 130103 130103 130103 130103 130103 130123 130123 130123 130123 130123 130123 130123 130123 130123 130123 130123 130123 130123 130123 130123 130123 130123 130123 130123 130123 130123 130123 130123
125667 125667 126067 128337 128337 130123 130123 130123 130202 130202 130202 130202 130202 130202 130202 130202 130202 130202 130202 130202 130202 130202 130202 130202 130233 130233 130233 130233 130233 130233 130233 130233 130233 130233 130233 130233 130233 130233 130233 130233
120155 128042 128042 128042 128452 128452 128452 128452 128452 128452 128503 128503 128503 128503 128503 128503 129162 129162 129162 129162 129162 129162 129162 129162 129162 129162 129162 129162 129162 130092 130092 130092 130092 130092 130092 130092 130092 130092 130092 130092
118415 125496 128173 128173 128668 128903 128903 128903 128903 129298 129298 129613 129613 129613 129613 129613 129613 129613 129613 130202 130202 130202 130202 130202 130202 130202 130202 130202 130202 130202 130202 130202 130202 130202 130202 130202 130202 130202 130202 130202
119860 126422 126422 126422 130123 130123 130123 130123 130123 130123 130123 130123 130123 130233 130233 130233 130233 130233 130233 130233 130233 130233 130233 130233 130233 130233 130233 130233 130233 130233 130233 130233 130233 130233 130233 130233 130233 130233 130233 130233
121690 122185 123298 124893 128393 128393 128393 128393 128393 128393 128903 128903 128903 128903 128903 128903 128903 129303 129303 129303 129303 129303 129808 129808 129808 129808 129808 129808 129808 129808 129808 129808 129808 129808 129808 129808 129808 129808 129808 129808
124968 127863 127863 127863 127863 127863 127863 127863 127863 127863 128662 128662 128662 128662 128662 128662 128662 128662 128662 128662 128662 129613 129613 129613 129723 129723 129723 129723 129723 129723 129723 129723 129723 129723 129723 129723 129723 129723 129723 129723
120860 121150 126382 129152 129152 129152 129152 129152 129242 129242 129242 129242 129242 129242 129242 129242 129242 129242 129242 129242 129242 129242 129242 129242 129242 129242 129242 129242 129242 129242 129242 129242 129242 129242 129242 129242 129242 129242 129242 129242
117990 126573 126573 126573 127628 127628 127628 127628 127628 127628 128673 128673 128673 128673 128673 128893 128893 128893 128893 128893 128893 128893 128893 128893 128893 130213 130213 130213 130213 130213 130213 130213 130213 130213 130213 130213 130213 130213 130213 130213
120588 120918 122149 129223 129223 129223 129223 129223 129223 129223 129223 129223 129223 129223 129223 129223 129223 129223 129223 129223 129223 129223 129943 129943 129943 129943 129943 129943 129943 129943 129943 129943 129943 129943 129943 129943 129943 129943 129943 129943
118298 119133 129093 129093 129093 129908 129908 129908 129908 129908 129908 129908 129943 129943 129943 129943 129943 129943 129943 129943 129943 129943 129943 129943 129943 129943 129943 129943 129943 129943 129943 129943 129943 129943 129943 129943 129943 129943 129943 129943

GA3 Results:
126503 126503 129333 130223 130223 130623 130623 130623 130623 130623 130623 130623 130623 130623 130623 130623 130623 130623 130623 130623 130623 130623 130623 130623 130623 130623 130623 130623 130623 130623 130623 130623 130623 130623 130623 130623 130623 130623 130623 130623
126212 128982 130123 130233 130233 130233 130233 130233 130233 130233 130233 130623 130623 130623 130623 130623 130623 130623 130623 130623 130623 130623 130623 130623 130623 130623 130623 130623 130623 130623 130623 130623 130623 130623 130623 130623 130623 130623 130623 130623
126128 129613 130163 130233 130233 130233 130233 130233 130233 130233 130233 130233 130233 130233 130233 130233 130233 130233 130233 130233 130233 130233 130233 130233 130233 130233 130233 130233 130233 130233 130233 130233 130233 130233 130233 130233 130233 130233 130233 130233
115312 119255 123355 128193 128303 129013 129013 129013 129023 129023 130013 130013 130013 130123 130123 130123 130223 130223 130623 130623 130623 130623 130623 130623 130623 130623 130623 130623 130623 130623 130623 130623 130623 130623 130623 130623 130623 130623 130623 130623
126123 130213 130213 130213 130623 130623 130623 130623 130623 130623 130623 130623 130623 130623 130623 130623 130623 130623 130623 130623 130623 130623 130623 130623 130623 130623 130623 130623 130623 130623 130623 130623 130623 130623 130623 130623 130623 130623 130623 130623
122525 122525 128613 129908 130123 130123 130233 130233 130233 130233 130233 130233 130233 130233 130233 130233 130233 130233 130233 130233 130233 130233 130233 130233 130233 130233 130233 130233 130233 130233 130233 130233 130233 130233 130233 130233 130233 130233 130233 130233
121598 128793 129723 129808 129808 130163 130163 130233 130233 130233 130233 130233 130233 130233 130233 130233 130233 130233 130233 130233 130233 130233 130233 130233 130233 130233 130233 130233 130233 130233 130233 130233 130233 130233 130233 130233 130233 130233 130233 130233
122769 123764 126013 128933 129193 129943 129943 130233 130233 130233 130233 130233 130233 130233 130233 130233 130233 130233 130233 130233 130233 130233 130233 130233 130233 130233 130233 130233 130233 130233 130233 130233 130233 130233 130233 130233 130233 130233 130233 130233
120334 125518 130223 130623 130623 130623 130623 130623 130623 130623 130623 130623 130623 130623 130623 130623 130623 130623 130623 130623 130623 130623 130623 130623 130623 130623 130623 130623 130623 130623 130623 130623 130623 130623 130623 130623 130623 130623 130623 130623
118309 122799 122799 125908 128982 129223 129223 130123 130163 130202 130233 130233 130233 130233 130233 130233 130233 130233 130233 130233 130233 130233 130233 130233 130233 130233 130233 130233 130233 130233 130233 130233 130233 130233 130233 130233 130233 130233 130233 130233
124402 128163 129733 130223 130233 130233 130233 130233 130233 130233 130233 130233 130233 130233 130233 130233 130233 130233 130233 130233 130233 130233 130233 130233 130233 130233 130233 130233 130233 130233 130233 130233 130233 130233 130233 130233 130233 130233 130233 130233
118379 122400 123295 124120 128227 128392 128727 129908 129908 129908 129908 130233 130233 130233 130233 130233 130233 130233 130233 130233 130233 130233 130233 130233 130233 130233 130233 130233 130233 130233 130233 130233 130233 130233 130233 130233 130233 130233 130233 130233
123179 124329 130213 130213 130233 130233 130233 130233 130233 130233 130233 130233 130233 130233 130233 130233 130233 130233 130233 130233 130233 130233 130233 130233 130233 130233 130233 130233 130233 130233 130233 130233 130233 130233 130233 130233 130233 130233 130233 130233
123177 123177 126612 129183 129183 130113 130113 130623 130623 130623 130623 130623 130623 130623 130623 130623 130623 130623 130623 130623 130623 130623 130623 130623 130623 130623 130623 130623 130623 130623 130623 130623 130623 130623 130623 130623 130623 130623 130623 130623
128502 129908 130233 130233 130233 130233 130233 130233 130233 130233 130233 130233 130233 130233 130233 130233 130233 130233 130233 130233 130233 130233 130233 130233 130233 130233 130233 130233 130233 130233 130233 130233 130233 130233 130233 130233 130233 130233 130233 130233
122080 126772 130202 130623 130623 130623 130623 130623 130623 130623 130623 130623 130623 130623 130623 130623 130623 130623 130623 130623 130623 130623 130623 130623 130623 130623 130623 130623 130623 130623 130623 130623 130623 130623 130623 130623 130623 130623 130623 130623
122613 125953 128173 130123 130233 130233 130233 130233 130233 130233 130233 130233 130233 130233 130233 130233 130233 130233 130233 130233 130233 130233 130233 130233 130233 130233 130233 130233 130233 130233 130233 130233 130233 130233 130233 130233 130233 130233 130233 130233
128513 128513 128652 130013 130123 130123 130123 130123 130123 130123 130123 130123 130223 130223 130223 130223 130233 130233 130623 130623 130623 130623 130623 130623 130623 130623 130623 130623 130623 130623 130623 130623 130623 130623 130623 130623 130623 130623 130623 130623
121370 127453 128342 130053 130163 130163 130202 130213 130213 130213 130213 130233 130233 130233 130233 130233 130233 130233 130233 130233 130233 130233 130233 130233 130233 130233 130233 130233 130233 130233 130233 130233 130233 130233 130233 130233 130233 130233 130233 130233
121139 124740 124740 129103 129103 130223 130223 130233 130233 130233 130233 130233 130233 130233 130233 130233 130233 130233 130233 130233 130233 130233 130233 130233 130233 130233 130233 130233 130233 130233 130233 130233 130233 130233 130233 130233 130233 130233 130233 130233
127850 129403 130233 130233 130233 130233 130233 130233 130233 130233 130233 130233 130233 130233 130233 130233 130233 130233 130233 130233 130233 130233 130233 130233 130233 130233 130233 130233 130233 130233 130233 130233 130233 130233 130233 130233 130233 130233 130233 130233
121855 123410 126227 128023 128358 130013 130123 130123 130123 130223 130223 130223 130223 130223 130223 130223 130223 130223 130623 130623 130623 130623 130623 130623 130623 130623 130623 130623 130623 130623 130623 130623 130623 130623 130623 130623 130623 130623 130623 130623
118489 122209 123903 127953 130123 130123 130123 130233 130233 130233 130233 130233 130233 130233 130233 130233 130233 130233 130233 130233 130233 130233 130233 130233 130233 130233 130233 130233 130233 130233 130233 130233 130233 130233 130233 130233 130233 130233 130233 130233
121679 127632 129163 129493 130163 130233 130233 130233 130233 130233 130233 130233 130233 130233 130233 130233 130233 130233 130233 130233 130233 130233 130233 130233 130233 130233 130233 130233 130233 130233 130233 130233 130233 130233 130233 130233 130233 130233 130233 130233
120895 128233 130103 130103 130233 130233 130233 130233 130233 130233 130233 130233 130233 130233 130233 130233 130233 130233 130233 130233 130233 130233 130233 130233 130233 130233 130233 130233 130233 130233 130233 130233 130233 130233 130233 130233 130233 130233 130233 130233
122613 123968 130223 130223 130623 130623 130623 130623 130623 130623 130623 130623 130623 130623 130623 130623 130623 130623 130623 130623 130623 130623 130623 130623 130623 130623 130623 130623 130623 130623 130623 130623 130623 130623 130623 130623 130623 130623 130623 130623
124653 128503 130013 130123 130233 130233 130233 130233 130233 130233 130233 130233 130233 130233 130233 130233 130233 130233 130233 130233 130233 130233 130233 130233 130233 130233 130233 130233 130233 130233 130233 130233 130233 130233 130233 130233 130233 130233 130233 130233
121599 123064 127662 130123 130202 130233 130233 130233 130233 130233 130233 130233 130233 130233 130233 130233 130623 130623 130623 130623 130623 130623 130623 130623 130623 130623 130623 130623 130623 130623 130623 130623 130623 130623 130623 130623 130623 130623 130623 130623
122260 127183 128283 128552 130013 130013 130123 130123 130123 130123 130223 130223 130223 130223 130223 130223 130223 130623 130623 130623 130623 130623 130623 130623 130623 130623 130623 130623 130623 130623 130623 130623 130623 130623 130623 130623 130623 130623 130623 130623
120792 129021 130202 130223 130233 130233 130233 130233 130233 130233 130233 130233 130233 130233 130233 130233 130233 130233 130233 130233 130233 130233 130233 130233 130233 130233 130233 130233 130233 130233 130233 130233 130233 130233 130233 130233 130233 130233 130233 130233

