MKP4 Results:
BPSO1 Results:
116287 116287 116617 116632 117567 117567 117617 117617 117617 117617 117617 117617 117617 117617 117617 117617 117617 118478 118478 119088 119088 119088 119088 119088 119088 119088 119337 119337 119337 119337 119337 119337 119337 119337 119337 119337 119337 119337 119337 119337
113597 115893 116463 116962 117452 117452 117452 117452 117452 117452 117452 117452 117452 117452 117452 117452 117452 118957 118957 118957 118957 118957 118957 118957 118957 118957 118957 118957 118957 118957 118957 118957 118957 118957 118957 118957 118957 118957 118957 118957
111453 118038 119077 119077 119077 119077 119077 119077 119077 119077 119077 119077 119077 119077 119077 119077 119077 119077 119077 119077 119077 119077 119077 119077 119077 119077 119077 119077 119077 119077 119077 119077 119077 119077 119077 119077 119077 119077 119077 119077
112438 115502 119007 119007 119337 119337 119337 119337 119337 119337 119337 119337 119337 119337 119337 119337 119337 119337 119337 119337 119337 119337 119337 119337 119337 119337 119337 119337 119337 119337 119337 119337 119337 119337 119337 119337 119337 119337 119337 119337
113422 119007 119007 119337 119337 119337 119337 119337 119337 119337 119337 119337 119337 119337 119337 119337 119337 119337 119337 119337 119337 119337 119337 119337 119337 119337 119337 119337 119337 119337 119337 119337 119337 119337 119337 119337 119337 119337 119337 119337
113597 114988 118957 118957 118957 118968 118968 118968 118968 118968 118968 118968 118968 118968 118968 118968 118968 118968 118968 118968 118968 118968 118968 118968 118968 118968 118968 118968 118968 118968 118968 118968 118968 118968 118968 118968 118968 118968 118968 118968
119088 119088 119088 119088 119088 119088 119088 119088 119088 119088 119088 119088 119088 119088 119088 119088 119088 119088 119088 119088 119088 119088 119088 119088 119088 119088 119088 119088 119088 119088 119088 119088 119088 119088 119088 119088 119088 119088 119088 119088
113203 118808 119337 119337 119337 119337 119337 119337 119337 119337 119337 119337 119337 119337 119337 119337 119337 119337 119337 119337 119337 119337 119337 119337 119337 119337 119337 119337 119337 119337 119337 119337 119337 119337 119337 119337 119337 119337 119337 119337
115278 115757 118928 118928 118928 118928 118928 118928 118928 118928 118928 118928 118928 118928 118928 118928 118928 118928 118928 118928 118928 118928 118928 118928 118928 118928 118928 118928 118928 118928 118928 118928 118928 118928 118928 118928 118928 118928 118928 118928
109888 115587 119088 119088 119088 119088 119088 119088 119088 119088 119088 119088 119088 119088 119088 119088 119088 119088 119088 119088 119088 119088 119088 119088 119088 119088 119088 119088 119088 119088 119088 119088 119088 119088 119088 119088 119088 119088 119088 119088
113206 114817 115377 115867 115867 119077 119077 119088 119088 119088 119088 119088 119088 119088 119088 119088 119088 119088 119088 119088 119088 119088 119088 119088 119088 119088 119088 119088 119088 119088 119088 119088 119088 119088 119088 119088 119088 119088 119088 119088
111706 114896 114896 114896 115336 115406 115831 115831 115831 115831 115831 115831 115831 115831 115831 115831 115831 115831 115831 115831 115831 115831 115831 115831 115831 115831 115831 115831 115831 115831 115831 115831 115831 115831 115831 115831 115831 115831 115831 115831
115047 116483 116962 117947 117947 118928 118928 118928 118928 118928 118928 118928 118928 118928 118928 119337 119337 119337 119337 119337 119337 119337 119337 119337 119337 119337 119337 119337 119337 119337 119337 119337 119337 119337 119337 119337 119337 119337 119337 119337
115707 116483 118808 119088 119088 119088 119088 119088 119088 119088 119088 119088 119088 119088 119088 119088 119088 119088 119088 119088 119088 119088 119088 119088 119088 119088 119088 119088 119088 119088 119088 119088 119088 119088 119088 119088 119088 119088 119088 119088
109220 115583 115633 118928 118928 118928 118928 118928 118928 118928 118928 118928 118928 118928 118928 118928 119088 119088 119088 119088 119088 119088 119088 119088 119088 119088 119088 119088 119088 119088 119088 119088 119088 119088 119088 119088 119088 119088 119088 119088
115452 116287 119088 119088 119088 119088 119088 119088 119088 119088 119088 119088 119088 119088 119088 119088 119088 119088 119088 119088 119088 119088 119088 119088 119088 119088 119088 119088 119088 119088 119088 119088 119088 119088 119088 119088 119088 119088 119088 119088
113522 118528 119088 119088 119088 119088 119088 119088 119088 119088 119088 119088 119088 119088 119088 119088 119088 119088 119088 119088 119088 119088 119088 119088 119088 119088 119088 119088 119088 119088 119088 119088 119088 119088 119088 119088 119088 119088 119088 119088
115502 115502 115992 115992 116222 118847 118847 118847 118847 118847 118847 118847 119077 119077 119077 119077 119077 119077 119077 119077 119077 119077 119077 119077 119077 119088 119088 119088 119088 119088 119088 119088 119088 119088 119088 119088 119088 119088 119088 119088
109159 110667 110667 114667 117452 117452 117452 117452 117452 117452 117452 117468 117468 117468 117468 117468 117468 117468 117468 117468 117468 118598 118598 118598 118598 118598 118598 118598 118598 118598 118598 118598 118598 118598 118598 118598 118598 118598 118598 118598
114648 119337 119337 119337 119337 119337 119337 119337 119337 119337 119337 119337 119337 119337 119337 119337 119337 119337 119337 119337 119337 119337 119337 119337 119337 119337 119337 119337 119337 119337 119337 119337 119337 119337 119337 119337 119337 119337 119337 119337
114467 119337 119337 119337 119337 119337 119337 119337 119337 119337 119337 119337 119337 119337 119337 119337 119337 119337 119337 119337 119337 119337 119337 119337 119337 119337 119337 119337 119337 119337 119337 119337 119337 119337 119337 119337 119337 119337 119337 119337
111566 115076 115076 115076 115076 115076 115076 115076 115076 115076 115076 115076 115391 115391 115391 115391 115391 115501 115501 115501 115501 115501 116062 116062 116062 116062 116062 116062 116062 116062 116062 116062 116062 116062 116062 116062 116062 116062 116062 116062
111482 114516 114991 115006 115336 115336 115336 115687 115687 115687 115687 115992 115992 115992 119077 119077 119077 119077 119077 119077 119077 119077 119077 119077 119077 119077 119077 119077 119077 119077 119077 119077 119077 119077 119077 119077 119077 119077 119077 119077
104315 109929 118368 118368 118858 118858 118858 118858 118968 118968 118968 119088 119088 119088 119088 119088 119088 119088 119088 119088 119088 119088 119088 119088 119088 119088 119088 119088 119088 119088 119088 119088 119088 119088 119088 119088 119088 119088 119088 119088
107862 115022 115022 115058 115058 116418 117348 119337 119337 119337 119337 119337 119337 119337 119337 119337 119337 119337 119337 119337 119337 119337 119337 119337 119337 119337 119337 119337 119337 119337 119337 119337 119337 119337 119337 119337 119337 119337 119337 119337
113932 114652 115852 116182 116292 116292 116292 116292 116292 116292 116292 116292 116292 116292 116292 116292 116292 116292 116292 116622 116622 116622 116622 116622 116622 116622 116622 116622 116622 116622 116622 116622 116622 116622 116622 116622 116622 116622 116622 116622
111743 114923 114923 116127 118478 118808 118808 118808 118808 118808 118808 118858 118858 118858 118858 118858 118858 118858 118858 118858 118858 118858 118858 118858 118858 118858 118858 118858 118858 118858 118858 118858 118858 118858 118858 118858 118858 118858 118858 118858
107479 114676 114676 114676 115406 115406 115406 115406 115406 115406 115406 115406 115406 115406 115406 115406 115406 115406 115406 115406 115406 115406 115406 115406 115406 115406 115406 115406 115406 115406 115406 115406 115406 115406 115406 115406 115406 115406 115406 115406
112348 116027 117567 118598 118598 118598 118598 119077 119077 119077 119077 119077 119077 119077 119077 119077 119077 119077 119077 119077 119077 119077 119077 119077 119077 119077 119077 119077 119077 119077 119077 119077 119077 119077 119077 119077 119077 119077 119077 119077
112517 115127 117387 117947 119337 119337 119337 119337 119337 119337 119337 119337 119337 119337 119337 119337 119337 119337 119337 119337 119337 119337 119337 119337 119337 119337 119337 119337 119337 119337 119337 119337 119337 119337 119337 119337 119337 119337 119337 119337

GA1 Results:
112583 117057 118968 119337 119337 119337 119337 119337 119337 119337 119337 119337 119337 119337 119337 119337 119337 119337 119337 119337 119337 119337 119337 119337 119337 119337 119337 119337 119337 119337 119337 119337 119337 119337 119337 119337 119337 119337 119337 119337
113406 115006 115406 115406 115406 115406 115406 115831 115831 115831 115831 115831 115831 115831 115831 115831 115831 115831 115831 115831 115831 115831 115831 115831 115831 115831 115831 115831 115831 115831 115831 115831 115831 115831 115831 115831 115831 115831 115831 115831
112882 116222 119337 119337 119337 119337 119337 119337 119337 119337 119337 119337 119337 119337 119337 119337 119337 119337 119337 119337 119337 119337 119337 119337 119337 119337 119337 119337 119337 119337 119337 119337 119337 119337 119337 119337 119337 119337 119337 119337
117827 117827 119337 119337 119337 119337 119337 119337 119337 119337 119337 119337 119337 119337 119337 119337 119337 119337 119337 119337 119337 119337 119337 119337 119337 119337 119337 119337 119337 119337 119337 119337 119337 119337 119337 119337 119337 119337 119337 119337
115727 118957 118968 118968 118968 119088 119088 119088 119088 119088 119088 119088 119088 119088 119088 119088 119088 119088 119088 119088 119088 119088 119088 119088 119088 119088 119088 119088 119088 119088 119088 119088 119088 119088 119088 119088 119088 119088 119088 119088
114168 119088 119088 119337 119337 119337 119337 119337 119337 119337 119337 119337 119337 119337 119337 119337 119337 119337 119337 119337 119337 119337 119337 119337 119337 119337 119337 119337 119337 119337 119337 119337 119337 119337 119337 119337 119337 119337 119337 119337
110457 116632 118928 118928 119077 119077 119077 119077 119077 119077 119077 119077 119088 119088 119088 119088 119088 119088 119088 119088 119088 119088 119088 119088 119088 119088 119088 119088 119088 119088 119088 119088 119088 119088 119088 119088 119088 119088 119088 119088
114393 118928 118928 119007 119337 119337 119337 119337 119337 119337 119337 119337 119337 119337 119337 119337 119337 119337 119337 119337 119337 119337 119337 119337 119337 119337 119337 119337 119337 119337 119337 119337 119337 119337 119337 119337 119337 119337 119337 119337
118858 119337 119337 119337 119337 119337 119337 119337 119337 119337 119337 119337 119337 119337 119337 119337 119337 119337 119337 119337 119337 119337 119337 119337 119337 119337 119337 119337 119337 119337 119337 119337 119337 119337 119337 119337 119337 119337 119337 119337
113238 115303 118968 119088 119337 119337 119337 119337 119337 119337 119337 119337 119337 119337 119337 119337 119337 119337 119337 119337 119337 119337 119337 119337 119337 119337 119337 119337 119337 119337 119337 119337 119337 119337 119337 119337 119337 119337 119337 119337
106954 115567 116112 118957 119337 119337 119337 119337 119337 119337 119337 119337 119337 119337 119337 119337 119337 119337 119337 119337 119337 119337 119337 119337 119337 119337 119337 119337 119337 119337 119337 119337 119337 119337 119337 119337 119337 119337 119337 119337
114072 114391 115831 115831 115831 115831 115831 115831 115831 115831 115831 115831 115831 115831 115831 115831 115831 115831 115831 115831 115831 115831 115831 115831 115831 115831 115831 115831 115831 115831 115831 115831 115831 115831 115831 115831 115831 115831 115831 115831
110903 116203 119337 119337 119337 119337 119337 119337 119337 119337 119337 119337 119337 119337 119337 119337 119337 119337 119337 119337 119337 119337 119337 119337 119337 119337 119337 119337 119337 119337 119337 119337 119337 119337 119337 119337 119337 119337 119337 119337
109969 115308 119337 119337 119337 119337 119337 119337 119337 119337 119337 119337 119337 119337 119337 119337 119337 119337 119337 119337 119337 119337 119337 119337 119337 119337 119337 119337 119337 119337 119337 119337 119337 119337 119337 119337 119337 119337 119337 119337
112441 114857 115831 115831 115831 115831 115831 115831 115831 115831 115831 115831 115831 115831 115831 115831 115831 115831 115831 115831 115831 115831 115831 115831 115831 115831 115831 115831 115831 115831 115831 115831 115831 115831 115831 115831 115831 115831 115831 115831
114703 118368 118968 119088 119088 119337 119337 119337 119337 119337 119337 119337 119337 119337 119337 119337 119337 119337 119337 119337 119337 119337 119337 119337 119337 119337 119337 119337 119337 119337 119337 119337 119337 119337 119337 119337 119337 119337 119337 119337
113188 118968 119337 119337 119337 119337 119337 119337 119337 119337 119337 119337 119337 119337 119337 119337 119337 119337 119337 119337 119337 119337 119337 119337 119337 119337 119337 119337 119337 119337 119337 119337 119337 119337 119337 119337 119337 119337 119337 119337
111218 116533 116973 118928 119337 119337 119337 119337 119337 119337 119337 119337 119337 119337 119337 119337 119337 119337 119337 119337 119337 119337 119337 119337 119337 119337 119337 119337 119337 119337 119337 119337 119337 119337 119337 119337 119337 119337 119337 119337
114578 118517 119088 119337 119337 119337 119337 119337 119337 119337 119337 119337 119337 119337 119337 119337 119337 119337 119337 119337 119337 119337 119337 119337 119337 119337 119337 119337 119337 119337 119337 119337 119337 119337 119337 119337 119337 119337 119337 119337
114743 116112 117827 119337 119337 119337 119337 119337 119337 119337 119337 119337 119337 119337 119337 119337 119337 119337 119337 119337 119337 119337 119337 119337 119337 119337 119337 119337 119337 119337 119337 119337 119337 119337 119337 119337 119337 119337 119337 119337
112787 117337 118957 119077 119337 119337 119337 119337 119337 119337 119337 119337 119337 119337 119337 119337 119337 119337 119337 119337 119337 119337 119337 119337 119337 119337 119337 119337 119337 119337 119337 119337 119337 119337 119337 119337 119337 119337 119337 119337
113183 118808 118858 118858 119337 119337 119337 119337 119337 119337 119337 119337 119337 119337 119337 119337 119337 119337 119337 119337 119337 119337 119337 119337 119337 119337 119337 119337 119337 119337 119337 119337 119337 119337 119337 119337 119337 119337 119337 119337
115073 117827 118957 119007 119077 119337 119337 119337 119337 119337 119337 119337 119337 119337 119337 119337 119337 119337 119337 119337 119337 119337 119337 119337 119337 119337 119337 119337 119337 119337 119337 119337 119337 119337 119337 119337 119337 119337 119337 119337
110787 115892 118368 118928 119088 119088 119088 119088 119088 119337 119337 119337 119337 119337 119337 119337 119337 119337 119337 119337 119337 119337 119337 119337 119337 119337 119337 119337 119337 119337 119337 119337 119337 119337 119337 119337 119337 119337 119337 119337
115467 118957 118957 118968 119077 119077 119077 119077 119077 119077 119077 119077 119088 119088 119088 119088 119088 119088 119337 119337 119337 119337 119337 119337 119337 119337 119337 119337 119337 119337 119337 119337 119337 119337 119337 119337 119337 119337 119337 119337
115633 118968 118968 118968 119007 119088 119088 119088 119088 119088 119088 119088 119088 119088 119088 119088 119088 119088 119088 119088 119088 119088 119088 119088 119088 119088 119088 119088 119088 119088 119088 119088 119088 119088 119088 119088 119088 119088 119088 119088
110137 116892 119337 119337 119337 119337 119337 119337 119337 119337 119337 119337 119337 119337 119337 119337 119337 119337 119337 119337 119337 119337 119337 119337 119337 119337 119337 119337 119337 119337 119337 119337 119337 119337 119337 119337 119337 119337 119337 119337
115847 118808 119088 119088 119088 119088 119088 119088 119088 119088 119088 119088 119088 119088 119088 119088 119088 119088 119088 119088 119088 119088 119088 119088 119088 119088 119088 119088 119088 119337 119337 119337 119337 119337 119337 119337 119337 119337 119337 119337
115482 119077 119088 119088 119088 119088 119088 119088 119088 119088 119088 119088 119088 119088 119088 119088 119088 119088 119088 119088 119088 119088 119088 119088 119088 119088 119088 119088 119088 119088 119088 119088 119088 119088 119088 119088 119088 119088 119088 119088
113763 117127 119007 119337 119337 119337 119337 119337 119337 119337 119337 119337 119337 119337 119337 119337 119337 119337 119337 119337 119337 119337 119337 119337 119337 119337 119337 119337 119337 119337 119337 119337 119337 119337 119337 119337 119337 119337 119337 119337

BPSO2 Results:
115732 116292 118478 119077 119077 119077 119077 119077 119077 119077 119077 119077 119077 119077 119077 119077 119077 119077 119077 119077 119077 119077 119077 119077 119077 119077 119077 119077 119077 119077 119077 119077 119077 119077 119077 119077 119077 119077 119077 119077
110141 115077 115732 116062 116062 116062 116127 116127 116127 116962 117452 117452 117452 117452 117452 117452 117452 117452 117452 119077 119077 119077 119077 119077 119077 119077 119077 119077 119077 119077 119077 119077 119077 119077 119077 119077 119077 119077 119077 119077
115513 115513 117827 118858 118858 118858 119088 119088 119088 119088 119088 119088 119088 119088 119088 119088 119088 119088 119088 119088 119088 119088 119088 119088 119088 119088 119088 119088 119088 119088 119088 119088 119088 119088 119088 119088 119088 119088 119088 119088
112058 113123 114492 116522 118928 118928 118928 118928 118928 118928 118928 118928 119088 119088 119088 119088 119088 119088 119088 119337 119337 119337 119337 119337 119337 119337 119337 119337 119337 119337 119337 119337 119337 119337 119337 119337 119337 119337 119337 119337
113222 116463 118957 118957 118957 118957 118957 118957 118957 118957 118957 118957 118957 118957 119077 119077 119077 119077 119077 119077 119077 119077 119077 119077 119077 119077 119077 119077 119077 119077 119077 119077 119077 119088 119088 119088 119088 119088 119088 119088
102612 117012 117947 119337 119337 119337 119337 119337 119337 119337 119337 119337 119337 119337 119337 119337 119337 119337 119337 119337 119337 119337 119337 119337 119337 119337 119337 119337 119337 119337 119337 119337 119337 119337 119337 119337 119337 119337 119337 119337
113483 115867 115867 116622 116622 116622 116622 116622 116622 118968 118968 118968 118968 118968 118968 118968 118968 118968 118968 118968 118968 118968 118968 118968 118968 118968 118968 118968 118968 118968 118968 118968 118968 118968 119088 119088 119088 119088 119088 119088
116622 116622 116622 117947 117947 117947 117947 117947 118858 118858 118858 119337 119337 119337 119337 119337 119337 119337 119337 119337 119337 119337 119337 119337 119337 119337 119337 119337 119337 119337 119337 119337 119337 119337 119337 119337 119337 119337 119337 119337
113311 115073 116143 116143 116143 116143 116143 116143 116622 116622 116622 116622 116622 116622 118858 118858 118858 118858 118858 118858 118858 119088 119088 119088 119088 119088 119088 119088 119088 119088 119088 119088 119088 119088 119088 119088 119088 119088 119088 119088
109845 115222 119088 119088 119088 119088 119088 119088 119088 119088 119088 119088 119088 119088 119088 119088 119088 119088 119088 119088 119088 119088 119088 119088 119088 119088 119088 119088 119088 119088 119088 119088 119088 119088 119088 119088 119088 119088 119088 119088
117418 117418 117947 117947 119337 119337 119337 119337 119337 119337 119337 119337 119337 119337 119337 119337 119337 119337 119337 119337 119337 119337 119337 119337 119337 119337 119337 119337 119337 119337 119337 119337 119337 119337 119337 119337 119337 119337 119337 119337
111847 114578 118368 118968 118968 118968 118968 118968 119007 119007 119007 119007 119077 119077 119077 119088 119088 119088 119088 119088 119088 119088 119088 119088 119088 119088 119088 119088 119088 119088 119088 119088 119088 119088 119088 119088 119088 119088 119088 119088
112717 119337 119337 119337 119337 119337 119337 119337 119337 119337 119337 119337 119337 119337 119337 119337 119337 119337 119337 119337 119337 119337 119337 119337 119337 119337 119337 119337 119337 119337 119337 119337 119337 119337 119337 119337 119337 119337 119337 119337
114738 115583 115633 118858 119007 119007 119007 119007 119007 119007 119007 119007 119007 119007 119007 119007 119007 119007 119007 119007 119007 119007 119007 119007 119007 119007 119007 119007 119007 119007 119007 119007 119007 119007 119007 119007 119007 119007 119007 119007
114853 116562 118968 118968 119007 119007 119337 119337 119337 119337 119337 119337 119337 119337 119337 119337 119337 119337 119337 119337 119337 119337 119337 119337 119337 119337 119337 119337 119337 119337 119337 119337 119337 119337 119337 119337 119337 119337 119337 119337
109490 110168 110717 110717 115227 115227 117418 117418 117418 117418 117418 117418 117418 117418 117418 117418 118598 118598 118928 118928 118928 118928 118928 118928 118928 118928 118928 118928 118928 118928 118928 118928 118928 118928 118928 118928 118928 118928 118928 118928
113672 118928 119337 119337 119337 119337 119337 119337 119337 119337 119337 119337 119337 119337 119337 119337 119337 119337 119337 119337 119337 119337 119337 119337 119337 119337 119337 119337 119337 119337 119337 119337 119337 119337 119337 119337 119337 119337 119337 119337
113888 118858 118858 118858 118858 118858 118858 118858 118858 118858 118858 118858 118858 119337 119337 119337 119337 119337 119337 119337 119337 119337 119337 119337 119337 119337 119337 119337 119337 119337 119337 119337 119337 119337 119337 119337 119337 119337 119337 119337
115622 117567 117567 118957 119077 119077 119337 119337 119337 119337 119337 119337 119337 119337 119337 119337 119337 119337 119337 119337 119337 119337 119337 119337 119337 119337 119337 119337 119337 119337 119337 119337 119337 119337 119337 119337 119337 119337 119337 119337
109707 117007 119077 119077 119077 119337 119337 119337 119337 119337 119337 119337 119337 119337 119337 119337 119337 119337 119337 119337 119337 119337 119337 119337 119337 119337 119337 119337 119337 119337 119337 119337 119337 119337 119337 119337 119337 119337 119337 119337
111502 113452 116027 116027 117567 117567 117567 118598 118598 118598 118598 118598 119077 119077 119077 119077 119077 119077 119077 119077 119077 119077 119077 119077 119077 119077 119077 119077 119077 119077 119077 119077 119077 119077 119077 119077 119077 119077 119077 119077
108878 114571 114901 115341 115813 119088 119088 119088 119088 119088 119088 119088 119088 119088 119088 119088 119088 119088 119088 119088 119088 119088 119088 119088 119088 119088 119088 119088 119088 119088 119088 119088 119088 119088 119088 119088 119088 119088 119088 119088
115303 116222 117122 119337 119337 119337 119337 119337 119337 119337 119337 119337 119337 119337 119337 119337 119337 119337 119337 119337 119337 119337 119337 119337 119337 119337 119337 119337 119337 119337 119337 119337 119337 119337 119337 119337 119337 119337 119337 119337
111602 116132 116622 119077 119077 119077 119077 119077 119077 119077 119077 119077 119077 119077 119077 119077 119077 119077 119077 119077 119077 119077 119077 119077 119077 119077 119077 119077 119077 119077 119077 119077 119077 119077 119077 119077 119077 119077 119077 119077
113832 116132 116132 116132 116292 117497 117497 117497 117497 117617 117617 117617 117617 117617 118517 118517 118847 118847 118847 118847 118847 118847 118847 118847 118847 118847 118847 118847 118847 118847 118847 118847 118847 118847 118847 118847 118847 118847 118847 118847
111453 113456 115406 115406 115406 115406 115831 115831 115831 115831 115831 115831 115831 115831 115831 115831 115831 115831 115831 115831 115831 115831 115831 115831 115831 115831 115831 115831 115831 115831 115831 115831 115831 115831 115831 115831 115831 115831 115831 115831
114336 115006 115501 115501 115501 115501 115501 115501 115501 115633 115633 115633 115633 115633 115633 115633 115888 115888 115888 115888 116463 116463 116463 116463 116872 116872 116872 116872 116872 116872 116872 116872 116872 116872 116872 116872 116872 116872 116872 116872
112272 116112 116112 116973 116973 117452 117452 117452 117452 117947 117947 117947 117947 118858 118858 118858 118858 118858 118858 118858 118858 118968 118968 118968 118968 118968 118968 118968 118968 118968 118968 118968 118968 118968 118968 118968 118968 118968 118968 118968
115357 115707 116622 116622 116908 119077 119077 119077 119337 119337 119337 119337 119337 119337 119337 119337 119337 119337 119337 119337 119337 119337 119337 119337 119337 119337 119337 119337 119337 119337 119337 119337 119337 119337 119337 119337 119337 119337 119337 119337
111246 113586 115006 115006 115006 115006 115321 115321 115321 115321 115352 115352 115352 115352 115352 115352 115352 115352 115352 115352 115391 115391 115391 115391 115391 115391 115391 115391 115391 115391 115391 115391 115391 115391 115391 115391 115391 115391 115391 115391

GA2 Results:
110667 110667 110667 110667 110667 110667 110667 110667 110667 110667 110667 110667 110667 110667 110667 110667 110667 110667 115757 116407 116407 116407 116407 116407 116407 116407 116407 116407 116407 116407 116407 116407 116407 116407 116407 116407 116407 116407 116407 116407
115006 115406 115831 115831 115831 115831 115831 115831 115831 115831 115831 115831 115831 115831 115831 115831 115831 115831 115831 115831 115831 115831 115831 115831 115831 115831 115831 115831 115831 115831 115831 115831 115831 115831 115831 115831 115831 115831 115831 115831
115352 116622 116622 116622 116622 117827 117947 117947 119337 119337 119337 119337 119337 119337 119337 119337 119337 119337 119337 119337 119337 119337 119337 119337 119337 119337 119337 119337 119337 119337 119337 119337 119337 119337 119337 119337 119337 119337 119337 119337
115831 115831 115831 115831 115831 115831 115831 115831 115831 115831 115831 115831 115831 115831 115831 115831 115831 115831 115831 115831 115831 115831 115831 115831 115831 115831 115831 115831 115831 115831 115831 115831 115831 115831 115831 115831 115831 115831 115831 115831
116222 116622 116622 116622 116622 116622 117012 117452 118858 119337 119337 119337 119337 119337 119337 119337 119337 119337 119337 119337 119337 119337 119337 119337 119337 119337 119337 119337 119337 119337 119337 119337 119337 119337 119337 119337 119337 119337 119337 119337
110872 110872 116622 117947 117947 117947 117947 119337 119337 119337 119337 119337 119337 119337 119337 119337 119337 119337 119337 119337 119337 119337 119337 119337 119337 119337 119337 119337 119337 119337 119337 119337 119337 119337 119337 119337 119337 119337 119337 119337
115831 115831 115831 115831 115831 115831 115831 115831 115831 115831 115831 115831 115831 115831 115831 115831 115831 115831 115831 115831 115831 115831 115831 115831 115831 115831 115831 115831 115831 115831 115831 115831 115831 115831 115831 115831 115831 115831 115831 115831
116407 116622 116622 116622 116622 116622 117452 117452 119337 119337 119337 119337 119337 119337 119337 119337 119337 119337 119337 119337 119337 119337 119337 119337 119337 119337 119337 119337 119337 119337 119337 119337 119337 119337 119337 119337 119337 119337 119337 119337
116622 119337 119337 119337 119337 119337 119337 119337 119337 119337 119337 119337 119337 119337 119337 119337 119337 119337 119337 119337 119337 119337 119337 119337 119337 119337 119337 119337 119337 119337 119337 119337 119337 119337 119337 119337 119337 119337 119337 119337
119337 119337 119337 119337 119337 119337 119337 119337 119337 119337 119337 119337 119337 119337 119337 119337 119337 119337 119337 119337 119337 119337 119337 119337 119337 119337 119337 119337 119337 119337 119337 119337 119337 119337 119337 119337 119337 119337 119337 119337
113132 115831 116622 116622 116622 116622 116622 116622 116622 116622 116622 117452 117452 119088 119088 119088 119337 119337 119337 119337 119337 119337 119337 119337 119337 119337 119337 119337 119337 119337 119337 119337 119337 119337 119337 119337 119337 119337 119337 119337
113813 116622 116622 116622 116622 116622 116622 116622 116622 116622 116622 116622 116622 116622 116622 116622 116622 116622 116622 116622 116622 116622 116622 116622 116622 116622 116622 116622 116622 116622 116622 116622 116622 116622 116622 116622 116622 116622 116622 116622
119337 119337 119337 119337 119337 119337 119337 119337 119337 119337 119337 119337 119337 119337 119337 119337 119337 119337 119337 119337 119337 119337 119337 119337 119337 119337 119337 119337 119337 119337 119337 119337 119337 119337 119337 119337 119337 119337 119337 119337
109890 115572 116622 116622 116622 116622 117452 117452 119337 119337 119337 119337 119337 119337 119337 119337 119337 119337 119337 119337 119337 119337 119337 119337 119337 119337 119337 119337 119337 119337 119337 119337 119337 119337 119337 119337 119337 119337 119337 119337
111621 116622 117452 117452 117452 117452 119337 119337 119337 119337 119337 119337 119337 119337 119337 119337 119337 119337 119337 119337 119337 119337 119337 119337 119337 119337 119337 119337 119337 119337 119337 119337 119337 119337 119337 119337 119337 119337 119337 119337
115336 116407 116407 116407 116407 116407 116407 116407 116407 116407 116407 116407 116407 116407 116407 116407 116407 116407 116407 116407 116407 116407 119337 119337 119337 119337 119337 119337 119337 119337 119337 119337 119337 119337 119337 119337 119337 119337 119337 119337
109947 116622 116622 116622 117452 117452 117452 117452 117452 117827 117827 117827 118957 118968 119337 119337 119337 119337 119337 119337 119337 119337 119337 119337 119337 119337 119337 119337 119337 119337 119337 119337 119337 119337 119337 119337 119337 119337 119337 119337
115831 115831 115831 115831 115831 115831 115831 115831 115831 115831 115831 115831 115831 115831 115831 115831 115831 115831 115831 115831 115831 115831 115831 115831 115831 115831 115831 115831 115831 115831 115831 115831 115831 115831 115831 115831 115831 115831 115831 115831
115662 118968 118968 118968 118968 119337 119337 119337 119337 119337 119337 119337 119337 119337 119337 119337 119337 119337 119337 119337 119337 119337 119337 119337 119337 119337 119337 119337 119337 119337 119337 119337 119337 119337 119337 119337 119337 119337 119337 119337
112946 115867 116622 116622 116622 116622 116622 116622 116622 116622 116622 116622 116622 116622 116622 116622 116622 116622 116622 116622 116622 116622 116622 116622 116622 116622 116622 116622 116622 116622 116622 116622 116622 116622 116622 116622 116622 116622 116622 116622
112392 116222 116222 119077 119337 119337 119337 119337 119337 119337 119337 119337 119337 119337 119337 119337 119337 119337 119337 119337 119337 119337 119337 119337 119337 119337 119337 119337 119337 119337 119337 119337 119337 119337 119337 119337 119337 119337 119337 119337
112392 116287 116622 116622 116622 116622 116622 116622 116622 116622 116622 116622 116622 116622 116622 116622 116622 116622 116622 116622 116622 116622 116622 116622 116622 116622 116622 116622 116622 116622 116622 116622 116622 116622 116622 116622 116622 116622 116622 116622
115831 115831 115831 115831 115831 115831 115831 115831 115831 115831 115831 116622 116622 116622 117452 117452 117452 117452 117452 117452 117452 117452 117452 117452 117452 117452 117452 117452 117452 117452 117452 117452 117452 117452 117452 117452 117452 117452 117452 117452
116622 117827 119337 119337 119337 119337 119337 119337 119337 119337 119337 119337 119337 119337 119337 119337 119337 119337 119337 119337 119337 119337 119337 119337 119337 119337 119337 119337 119337 119337 119337 119337 119337 119337 119337 119337 119337 119337 119337 119337
112732 115662 116222 116222 116222 116617 116622 117947 119337 119337 119337 119337 119337 119337 119337 119337 119337 119337 119337 119337 119337 119337 119337 119337 119337 119337 119337 119337 119337 119337 119337 119337 119337 119337 119337 119337 119337 119337 119337 119337
116617 119337 119337 119337 119337 119337 119337 119337 119337 119337 119337 119337 119337 119337 119337 119337 119337 119337 119337 119337 119337 119337 119337 119337 119337 119337 119337 119337 119337 119337 119337 119337 119337 119337 119337 119337 119337 119337 119337 119337
115662 116222 116622 116622 116622 116622 116622 116622 116622 116622 116622 119337 119337 119337 119337 119337 119337 119337 119337 119337 119337 119337 119337 119337 119337 119337 119337 119337 119337 119337 119337 119337 119337 119337 119337 119337 119337 119337 119337 119337
119337 119337 119337 119337 119337 119337 119337 119337 119337 119337 119337 119337 119337 119337 119337 119337 119337 119337 119337 119337 119337 119337 119337 119337 119337 119337 119337 119337 119337 119337 119337 119337 119337 119337 119337 119337 119337 119337 119337 119337
115992 117452 117452 119337 119337 119337 119337 119337 119337 119337 119337 119337 119337 119337 119337 119337 119337 119337 119337 119337 119337 119337 119337 119337 119337 119337 119337 119337 119337 119337 119337 119337 119337 119337 119337 119337 119337 119337 119337 119337
116622 116622 116622 116622 116622 116622 116622 116622 116622 117452 117452 117452 117452 117452 117452 117452 117452 117452 117452 117452 119077 119337 119337 119337 119337 119337 119337 119337 119337 119337 119337 119337 119337 119337 119337 119337 119337 119337 119337 119337

BPSO3 Results:
106859 118038 118957 119007 119007 119007 119007 119007 119007 119007 119007 119007 119007 119007 119007 119007 119007 119007 119007 119007 119007 119007 119007 119007 119007 119007 119007 119007 119007 119007 119007 119007 119007 119007 119007 119007 119007 119007 119007 119007
111018 114122 115713 118858 118858 118858 118858 118858 118858 119337 119337 119337 119337 119337 119337 119337 119337 119337 119337 119337 119337 119337 119337 119337 119337 119337 119337 119337 119337 119337 119337 119337 119337 119337 119337 119337 119337 119337 119337 119337
108769 109793 114538 116648 116648 116648 117947 119337 119337 119337 119337 119337 119337 119337 119337 119337 119337 119337 119337 119337 119337 119337 119337 119337 119337 119337 119337 119337 119337 119337 119337 119337 119337 119337 119337 119337 119337 119337 119337 119337
106259 115548 116413 116413 116413 116413 116413 117827 117827 117827 117827 117827 117827 117827 117827 117827 117827 117827 117827 117827 117827 117827 117827 117947 117947 117947 117947 117947 117947 117947 117947 117947 117947 117947 117947 117947 117947 117947 117947 117947
106129 107649 117567 117567 117567 117567 117567 119077 119077 119077 119077 119077 119077 119077 119077 119077 119077 119077 119077 119077 119077 119077 119077 119077 119077 119077 119077 119077 119077 119077 119077 119077 119077 119077 119077 119077 119077 119077 119077 119077
110687 115112 115633 117457 117457 117457 117457 117947 117947 117947 117947 117947 117947 118528 118528 118528 118528 118528 118528 118528 118528 118528 118528 118528 118528 118528 118528 118528 118528 118528 118528 118528 118528 118528 118528 118528 118528 118528 118528 118528
106150 115292 115357 117497 117497 117497 117497 117497 119007 119007 119007 119007 119007 119337 119337 119337 119337 119337 119337 119337 119337 119337 119337 119337 119337 119337 119337 119337 119337 119337 119337 119337 119337 119337 119337 119337 119337 119337 119337 119337
107707 111113 114637 115847 119337 119337 119337 119337 119337 119337 119337 119337 119337 119337 119337 119337 119337 119337 119337 119337 119337 119337 119337 119337 119337 119337 119337 119337 119337 119337 119337 119337 119337 119337 119337 119337 119337 119337 119337 119337
111642 112662 114413 116872 116872 116872 117497 117497 117497 117497 117497 117497 117497 117497 117497 117497 117497 117497 117497 117497 117497 118808 118808 118808 118808 118808 118808 118808 118808 119337 119337 119337 119337 119337 119337 119337 119337 119337 119337 119337
114761 115567 115567 115672 115852 115852 116712 116712 116712 119007 119007 119007 119007 119007 119007 119007 119007 119007 119007 119007 119088 119088 119088 119088 119088 119088 119088 119088 119088 119088 119088 119088 119088 119088 119088 119088 119088 119088 119088 119088
104744 116222 116222 116222 116222 117567 117567 117567 117578 117578 117578 117578 119088 119088 119088 119088 119088 119088 119088 119088 119088 119088 119088 119088 119088 119088 119088 119088 119088 119088 119088 119088 119088 119088 119088 119088 119088 119088 119088 119088
108630 110563 112183 113632 113632 113632 116682 116682 116682 119007 119007 119007 119007 119007 119007 119007 119007 119007 119007 119007 119007 119007 119007 119007 119007 119007 119007 119007 119007 119007 119007 119007 119007 119007 119007 119007 119007 119007 119007 119007
107543 115332 115593 118478 118478 118808 118808 119088 119088 119088 119088 119088 119088 119088 119088 119088 119088 119088 119088 119088 119088 119088 119088 119088 119088 119088 119088 119088 119088 119088 119088 119088 119088 119088 119088 119088 119088 119088 119088 119088
112737 113247 113726 113726 113726 114916 114966 114966 114966 115391 115391 115391 115391 115391 115391 115391 115391 115391 115391 118847 118847 118847 118847 118847 118847 118847 118847 118847 118847 118847 118847 118847 118847 118847 118847 118847 118847 118847 118847 118847
109112 114126 115006 115076 115076 115076 115076 115076 115076 115076 115076 115076 115076 115076 115076 115076 115076 115076 116062 116062 116112 116112 116112 116112 116112 116112 116112 116112 116112 116112 116112 116112 116112 116112 116112 116112 116112 116112 116112 116112
104803 112407 113521 114096 116112 116112 116112 116112 116112 117418 117418 117418 117418 117418 117418 117418 117418 117418 117457 117457 117457 117457 117457 117457 117457 117457 117457 117457 117457 117457 117457 117947 117947 117947 117947 117947 117947 117947 117947 117947
111517 114308 115058 115058 116073 116073 116182 116182 116182 116182 116182 116182 116182 116182 116182 116182 116182 116182 116182 116182 116182 116182 117387 117387 117387 117387 117497 117497 117497 117497 117497 117497 117497 117497 117497 117497 117497 117497 117497 117497
106938 112183 114103 114168 114168 114168 115888 115888 116393 116393 116418 116418 116418 116418 116418 116418 116418 116418 116418 116418 116418 116648 116648 116648 116648 117947 117947 117947 117947 117947 117947 117947 117947 117947 117947 117947 117947 117947 117947 117947
101487 111041 111701 114146 114476 114896 114901 114901 114901 114901 114901 114901 114901 114901 114901 114916 114916 114916 115076 115076 115076 115076 115076 115076 115076 115501 115501 115692 115692 115692 115692 115692 117457 117457 117457 117457 117457 117457 117457 117457
110742 113242 117012 117012 117012 117012 117012 117012 117012 117012 117012 117012 119088 119088 119088 119088 119088 119088 119088 119088 119088 119088 119088 119088 119088 119088 119088 119088 119088 119088 119088 119088 119088 119088 119088 119337 119337 119337 119337 119337
109941 113146 113516 113516 113516 113828 115062 115062 118858 118858 118858 118858 118858 118858 118858 118858 118858 118858 118858 118858 118858 118858 118858 118858 118858 118858 118858 118858 118858 118858 118858 118858 118858 118858 118858 118858 118858 118858 119007 119007
110718 116077 119088 119088 119088 119088 119088 119088 119088 119088 119088 119088 119088 119088 119088 119088 119088 119088 119088 119088 119088 119088 119088 119088 119088 119088 119088 119088 119088 119088 119088 119088 119088 119088 119088 119088 119088 119088 119088 119088
113337 113337 113597 113597 115493 115493 115493 115493 115493 115493 115493 115532 115532 115847 115847 118598 118598 118598 118598 118598 118598 118598 118598 118598 118598 118598 118598 118598 118598 118598 118598 118598 118598 118598 118598 118598 118598 118598 118598 118598
106134 108362 112923 114896 114896 114942 118968 118968 118968 118968 118968 118968 118968 118968 118968 118968 118968 118968 118968 118968 118968 118968 118968 118968 118968 118968 118968 118968 118968 118968 118968 118968 118968 118968 118968 118968 118968 118968 118968 118968
108279 115797 115797 115797 115797 115797 115797 115797 115797 115808 115808 116962 116962 116962 119007 119007 119007 119007 119007 119007 119007 119007 119007 119007 119007 119007 119007 119007 119007 119007 119007 119007 119007 119007 119007 119007 119007 119007 119007 119007
104692 109856 115058 115058 115058 117012 117012 119007 119007 119007 119007 119007 119007 119007 119007 119007 119007 119007 119007 119007 119007 119007 119007 119007 119007 119007 119007 119007 119007 119007 119007 119007 119007 119007 119007 119007 119007 119007 119007 119007
105980 115197 115197 115438 118928 118928 118928 118928 118928 118928 118928 118928 118928 118928 118928 118928 118928 118928 118928 118928 118928 118928 118928 118928 118928 118928 118928 118928 118928 118928 118928 118928 118928 118928 118928 118928 118928 118928 118928 118928
110047 115003 115003 117947 117947 119337 119337 119337 119337 119337 119337 119337 119337 119337 119337 119337 119337 119337 119337 119337 119337 119337 119337 119337 119337 119337 119337 119337 119337 119337 119337 119337 119337 119337 119337 119337 119337 119337 119337 119337
109943 109943 111902 115687 119337 119337 119337 119337 119337 119337 119337 119337 119337 119337 119337 119337 119337 119337 119337 119337 119337 119337 119337 119337 119337 119337 119337 119337 119337 119337 119337 119337 119337 119337 119337 119337 119337 119337 119337 119337
109328 112142 114168 114378 114378 116858 117457 117457 117457 118847 118847 118847 119077 119077 119077 119077 119077 119088 119088 119088 119088 119088 119088 119088 119088 119088 119088 119088 119088 119088 119088 119088 119088 119088 119088 119088 119088 119088 119088 119088

GA3 Results:
115068 118858 119007 119337 119337 119337 119337 119337 119337 119337 119337 119337 119337 119337 119337 119337 119337 119337 119337 119337 119337 119337 119337 119337 119337 119337 119337 119337 119337 119337 119337 119337 119337 119337 119337 119337 119337 119337 119337 119337
113558 118478 118968 118968 119077 119077 119077 119088 119337 119337 119337 119337 119337 119337 119337 119337 119337 119337 119337 119337 119337 119337 119337 119337 119337 119337 119337 119337 119337 119337 119337 119337 119337 119337 119337 119337 119337 119337 119337 119337
104501 114026 115076 115797 115957 118957 118957 118957 119337 119337 119337 119337 119337 119337 119337 119337 119337 119337 119337 119337 119337 119337 119337 119337 119337 119337 119337 119337 119337 119337 119337 119337 119337 119337 119337 119337 119337 119337 119337 119337
112042 119337 119337 119337 119337 119337 119337 119337 119337 119337 119337 119337 119337 119337 119337 119337 119337 119337 119337 119337 119337 119337 119337 119337 119337 119337 119337 119337 119337 119337 119337 119337 119337 119337 119337 119337 119337 119337 119337 119337
110096 115633 116143 119337 119337 119337 119337 119337 119337 119337 119337 119337 119337 119337 119337 119337 119337 119337 119337 119337 119337 119337 119337 119337 119337 119337 119337 119337 119337 119337 119337 119337 119337 119337 119337 119337 119337 119337 119337 119337
118858 119337 119337 119337 119337 119337 119337 119337 119337 119337 119337 119337 119337 119337 119337 119337 119337 119337 119337 119337 119337 119337 119337 119337 119337 119337 119337 119337 119337 119337 119337 119337 119337 119337 119337 119337 119337 119337 119337 119337
112583 113766 115687 115687 115707 115707 116287 116287 116287 119337 119337 119337 119337 119337 119337 119337 119337 119337 119337 119337 119337 119337 119337 119337 119337 119337 119337 119337 119337 119337 119337 119337 119337 119337 119337 119337 119337 119337 119337 119337
112732 115406 116962 119077 119077 119337 119337 119337 119337 119337 119337 119337 119337 119337 119337 119337 119337 119337 119337 119337 119337 119337 119337 119337 119337 119337 119337 119337 119337 119337 119337 119337 119337 119337 119337 119337 119337 119337 119337 119337
109563 119007 119007 119337 119337 119337 119337 119337 119337 119337 119337 119337 119337 119337 119337 119337 119337 119337 119337 119337 119337 119337 119337 119337 119337 119337 119337 119337 119337 119337 119337 119337 119337 119337 119337 119337 119337 119337 119337 119337
113337 118847 119077 119337 119337 119337 119337 119337 119337 119337 119337 119337 119337 119337 119337 119337 119337 119337 119337 119337 119337 119337 119337 119337 119337 119337 119337 119337 119337 119337 119337 119337 119337 119337 119337 119337 119337 119337 119337 119337
113493 117468 118478 119337 119337 119337 119337 119337 119337 119337 119337 119337 119337 119337 119337 119337 119337 119337 119337 119337 119337 119337 119337 119337 119337 119337 119337 119337 119337 119337 119337 119337 119337 119337 119337 119337 119337 119337 119337 119337
117567 119007 119337 119337 119337 119337 119337 119337 119337 119337 119337 119337 119337 119337 119337 119337 119337 119337 119337 119337 119337 119337 119337 119337 119337 119337 119337 119337 119337 119337 119337 119337 119337 119337 119337 119337 119337 119337 119337 119337
107679 115242 118808 119077 119077 119337 119337 119337 119337 119337 119337 119337 119337 119337 119337 119337 119337 119337 119337 119337 119337 119337 119337 119337 119337 119337 119337 119337 119337 119337 119337 119337 119337 119337 119337 119337 119337 119337 119337 119337
109843 116622 116622 116622 116622 116622 116622 116622 116622 116622 116622 117012 117012 117452 119337 119337 119337 119337 119337 119337 119337 119337 119337 119337 119337 119337 119337 119337 119337 119337 119337 119337 119337 119337 119337 119337 119337 119337 119337 119337
119077 119077 119337 119337 119337 119337 119337 119337 119337 119337 119337 119337 119337 119337 119337 119337 119337 119337 119337 119337 119337 119337 119337 119337 119337 119337 119337 119337 119337 119337 119337 119337 119337 119337 119337 119337 119337 119337 119337 119337
109801 115011 115782 115782 115782 116222 117617 117617 119077 119088 119088 119088 119088 119088 119088 119088 119088 119088 119337 119337 119337 119337 119337 119337 119337 119337 119337 119337 119337 119337 119337 119337 119337 119337 119337 119337 119337 119337 119337 119337
107107 116712 119337 119337 119337 119337 119337 119337 119337 119337 119337 119337 119337 119337 119337 119337 119337 119337 119337 119337 119337 119337 119337 119337 119337 119337 119337 119337 119337 119337 119337 119337 119337 119337 119337 119337 119337 119337 119337 119337
109528 115373 118847 119088 119337 119337 119337 119337 119337 119337 119337 119337 119337 119337 119337 119337 119337 119337 119337 119337 119337 119337 119337 119337 119337 119337 119337 119337 119337 119337 119337 119337 119337 119337 119337 119337 119337 119337 119337 119337
105786 116533 117452 117452 117452 117452 117452 117452 117452 117452 117452 117452 117452 117827 117827 117827 118858 119337 119337 119337 119337 119337 119337 119337 119337 119337 119337 119337 119337 119337 119337 119337 119337 119337 119337 119337 119337 119337 119337 119337
108194 116643 118928 119088 119088 119337 119337 119337 119337 119337 119337 119337 119337 119337 119337 119337 119337 119337 119337 119337 119337 119337 119337 119337 119337 119337 119337 119337 119337 119337 119337 119337 119337 119337 119337 119337 119337 119337 119337 119337
109843 115073 117457 119077 119337 119337 119337 119337 119337 119337 119337 119337 119337 119337 119337 119337 119337 119337 119337 119337 119337 119337 119337 119337 119337 119337 119337 119337 119337 119337 119337 119337 119337 119337 119337 119337 119337 119337 119337 119337
113737 115622 117387 118858 119337 119337 119337 119337 119337 119337 119337 119337 119337 119337 119337 119337 119337 119337 119337 119337 119337 119337 119337 119337 119337 119337 119337 119337 119337 119337 119337 119337 119337 119337 119337 119337 119337 119337 119337 119337
108742 114157 119088 119088 119088 119337 119337 119337 119337 119337 119337 119337 119337 119337 119337 119337 119337 119337 119337 119337 119337 119337 119337 119337 119337 119337 119337 119337 119337 119337 119337 119337 119337 119337 119337 119337 119337 119337 119337 119337
111437 112768 116407 116407 116407 119337 119337 119337 119337 119337 119337 119337 119337 119337 119337 119337 119337 119337 119337 119337 119337 119337 119337 119337 119337 119337 119337 119337 119337 119337 119337 119337 119337 119337 119337 119337 119337 119337 119337 119337
111108 116153 118478 119088 119088 119337 119337 119337 119337 119337 119337 119337 119337 119337 119337 119337 119337 119337 119337 119337 119337 119337 119337 119337 119337 119337 119337 119337 119337 119337 119337 119337 119337 119337 119337 119337 119337 119337 119337 119337
106597 116222 118968 118968 119007 119337 119337 119337 119337 119337 119337 119337 119337 119337 119337 119337 119337 119337 119337 119337 119337 119337 119337 119337 119337 119337 119337 119337 119337 119337 119337 119337 119337 119337 119337 119337 119337 119337 119337 119337
111848 115692 119088 119088 119337 119337 119337 119337 119337 119337 119337 119337 119337 119337 119337 119337 119337 119337 119337 119337 119337 119337 119337 119337 119337 119337 119337 119337 119337 119337 119337 119337 119337 119337 119337 119337 119337 119337 119337 119337
108535 116838 118598 119077 119337 119337 119337 119337 119337 119337 119337 119337 119337 119337 119337 119337 119337 119337 119337 119337 119337 119337 119337 119337 119337 119337 119337 119337 119337 119337 119337 119337 119337 119337 119337 119337 119337 119337 119337 119337
115287 118528 119337 119337 119337 119337 119337 119337 119337 119337 119337 119337 119337 119337 119337 119337 119337 119337 119337 119337 119337 119337 119337 119337 119337 119337 119337 119337 119337 119337 119337 119337 119337 119337 119337 119337 119337 119337 119337 119337
110717 117457 119337 119337 119337 119337 119337 119337 119337 119337 119337 119337 119337 119337 119337 119337 119337 119337 119337 119337 119337 119337 119337 119337 119337 119337 119337 119337 119337 119337 119337 119337 119337 119337 119337 119337 119337 119337 119337 119337

