MKP5 Results:
BPSO1 Results:
92538 93573 94628 94738 94738 94738 94738 94738 94738 94738 98631 98631 98631 98631 98631 98631 98631 98631 98631 98631 98631 98631 98631 98631 98631 98631 98631 98631 98631 98631 98631 98631 98631 98631 98631 98631 98631 98631 98631 98631
90298 93027 93533 93808 93808 94706 98506 98506 98506 98506 98506 98631 98631 98631 98631 98631 98631 98631 98631 98631 98631 98631 98631 98631 98631 98631 98631 98631 98631 98631 98631 98631 98631 98631 98631 98631 98631 98631 98631 98631
89728 93518 93868 94138 94138 98686 98686 98686 98686 98686 98686 98686 98686 98686 98686 98686 98686 98686 98686 98686 98686 98686 98686 98686 98686 98686 98686 98686 98686 98686 98686 98686 98686 98686 98686 98686 98686 98686 98686 98686
91968 95752 95752 95752 95752 95752 95752 95752 96031 96031 96031 96031 96031 96031 98456 98456 98456 98456 98456 98456 98456 98456 98456 98456 98456 98456 98456 98456 98456 98456 98456 98456 98456 98456 98456 98456 98456 98456 98456 98456
91523 91688 93317 93317 93317 93317 93628 93628 93738 94338 94338 94338 94338 94338 94338 94338 94338 94338 94338 94338 94338 94338 94338 94338 94338 94338 94338 94338 94338 94338 94338 94338 94338 94338 94338 94338 94338 94338 94338 94338
93973 94083 94083 94083 94083 94083 95512 95512 95512 95512 95512 98526 98526 98526 98526 98526 98526 98526 98526 98526 98526 98526 98526 98526 98526 98526 98526 98526 98526 98526 98526 98631 98631 98631 98631 98631 98631 98631 98631 98631
90868 92117 93017 94178 94178 94327 94327 94327 94327 94327 94327 94327 94338 94338 94338 94338 94738 94738 94738 94738 94738 94738 94738 94738 94738 94738 94738 94738 94738 94738 94738 94738 94738 94738 94738 94738 94738 94738 94738 94738
91528 91528 92368 92478 92978 98631 98631 98631 98631 98631 98631 98631 98631 98631 98631 98631 98631 98631 98796 98796 98796 98796 98796 98796 98796 98796 98796 98796 98796 98796 98796 98796 98796 98796 98796 98796 98796 98796 98796 98796
89968 92528 92798 94656 94656 94656 94656 94656 94656 94656 94656 94656 94656 94656 94656 94656 94656 94656 94656 94656 94656 94656 94656 94656 94656 94656 94656 94656 94656 94656 94656 94656 94656 94656 94656 94656 94656 94656 94656 94656
91838 93986 94131 94656 98631 98631 98631 98631 98631 98631 98631 98631 98631 98631 98631 98631 98631 98631 98631 98631 98631 98631 98631 98631 98631 98631 98631 98631 98631 98631 98631 98631 98631 98631 98631 98631 98631 98631 98631 98631
91253 91797 94248 94248 94248 94348 94348 94348 94348 94348 94348 94348 94348 94348 96141 96141 96141 96141 96141 96141 96141 96141 96141 96141 96141 96141 96141 96141 96141 96141 96141 97906 97906 97906 97906 97906 97906 97906 97906 97906
90693 91448 91608 93898 93898 93898 98456 98456 98456 98456 98456 98456 98506 98506 98506 98506 98506 98506 98631 98631 98631 98631 98631 98631 98631 98631 98631 98631 98631 98631 98631 98631 98631 98631 98631 98631 98631 98631 98631 98631
90578 91638 92268 92648 93392 93392 94217 94217 94217 94327 94327 94327 94327 94327 94327 94327 94327 94338 94338 94338 94338 94338 94338 94338 94338 94338 94338 94338 94338 94338 94338 94338 94338 94338 94338 94338 94338 94338 94338 94338
90016 93877 94120 94120 94471 94531 94531 94531 94691 94691 94691 94816 94816 94816 94816 94816 94816 94816 94816 94816 94816 94816 94816 94816 94816 94816 94816 94816 94816 94816 94816 94816 94816 94816 94816 94816 94816 94816 94816 94816
90713 92887 98286 98286 98286 98286 98286 98796 98796 98796 98796 98796 98796 98796 98796 98796 98796 98796 98796 98796 98796 98796 98796 98796 98796 98796 98796 98796 98796 98796 98796 98796 98796 98796 98796 98796 98796 98796 98796 98796
89058 97906 98456 98456 98456 98456 98456 98456 98456 98456 98456 98456 98456 98456 98456 98456 98456 98456 98456 98526 98526 98526 98526 98526 98526 98526 98526 98796 98796 98796 98796 98796 98796 98796 98796 98796 98796 98796 98796 98796
94627 95627 95627 95627 95627 95627 95627 95627 95627 95627 95627 95627 95627 95627 95627 95627 95627 95627 95627 95627 95627 95627 95627 95627 95627 95627 95627 95627 95627 95627 95627 95627 95627 95627 95627 95627 95627 95627 95627 95627
90261 93013 93013 93092 93406 93406 93908 93908 93908 93908 93908 93908 93908 93908 93908 93908 93908 93908 94680 94680 94680 94680 94680 94680 94680 94680 95261 95261 95261 95261 95261 95261 95261 95261 95261 95261 95261 95261 95261 95261
91788 92998 93128 93143 93743 94217 94217 94217 94470 94470 94470 94470 94470 94470 94470 94470 94470 95106 95106 95106 95106 95106 95106 95106 95106 95106 98396 98396 98396 98396 98396 98396 98396 98396 98396 98396 98396 98396 98396 98396
91278 92738 92848 93328 93328 93328 93328 93328 93328 94546 94546 94546 94546 94546 94546 94546 94546 94546 94546 94546 94546 94546 94871 94871 94871 94871 94871 94871 94871 94871 94871 94871 94871 95297 95297 95297 95297 95297 95297 95297
90442 92143 93817 98521 98521 98521 98521 98521 98521 98521 98521 98521 98521 98521 98521 98521 98521 98521 98521 98521 98521 98521 98521 98521 98521 98521 98521 98521 98521 98521 98521 98521 98521 98521 98521 98521 98521 98521 98521 98521
88718 94371 94581 94581 98521 98521 98521 98521 98521 98521 98521 98521 98521 98521 98521 98521 98521 98521 98521 98521 98521 98521 98521 98521 98521 98521 98521 98521 98521 98521 98521 98521 98521 98521 98521 98521 98521 98521 98521 98521
92877 93227 93227 94228 94228 94228 94228 94228 94327 94327 94327 94327 94327 94327 94327 94327 94327 94327 94327 94327 94327 94327 94327 94327 94327 94327 94327 94327 94327 94327 94327 94327 94327 94327 94327 94327 94327 94327 94327 94327
86200 93947 93947 94348 94348 94348 94348 94348 94348 94348 94348 94348 94348 98176 98396 98396 98506 98506 98506 98526 98526 98526 98526 98526 98526 98526 98526 98526 98526 98526 98526 98526 98526 98526 98526 98526 98526 98526 98526 98526
93481 98526 98796 98796 98796 98796 98796 98796 98796 98796 98796 98796 98796 98796 98796 98796 98796 98796 98796 98796 98796 98796 98796 98796 98796 98796 98796 98796 98796 98796 98796 98796 98796 98796 98796 98796 98796 98796 98796 98796
89322 92118 92256 92366 94018 94018 98631 98631 98631 98631 98631 98631 98631 98631 98631 98631 98631 98631 98631 98631 98631 98631 98631 98631 98631 98631 98631 98631 98631 98631 98631 98631 98631 98631 98631 98631 98631 98631 98631 98631
98016 98176 98286 98796 98796 98796 98796 98796 98796 98796 98796 98796 98796 98796 98796 98796 98796 98796 98796 98796 98796 98796 98796 98796 98796 98796 98796 98796 98796 98796 98796 98796 98796 98796 98796 98796 98796 98796 98796 98796
92402 93903 93903 93903 94738 94738 94738 94738 94738 94738 94738 94738 94738 94738 94738 94738 94738 94738 94738 94738 94738 94738 94738 95018 95018 95018 95018 95018 95018 95018 95018 95018 95018 95018 95018 95018 95018 95018 95018 95018
91147 98385 98385 98385 98521 98521 98521 98526 98526 98526 98796 98796 98796 98796 98796 98796 98796 98796 98796 98796 98796 98796 98796 98796 98796 98796 98796 98796 98796 98796 98796 98796 98796 98796 98796 98796 98796 98796 98796 98796
85813 91718 93618 93657 93657 93657 93728 93728 93728 93728 93728 93728 93728 93838 93838 93838 93838 93838 93968 93968 94238 94238 94238 94238 94238 94238 94238 94238 94238 94238 94238 94238 94238 94238 94238 94238 94238 94238 94238 94238

GA1 Results:
88333 93123 94228 94738 94738 94738 94738 94738 94738 94738 95467 95467 95467 95467 95752 95752 95752 95752 95752 95752 95752 95752 95752 95752 95752 95752 95752 95752 95752 95752 95752 95752 95752 95752 95752 95752 95752 95752 95752 95752
94691 94691 94691 94981 94981 98796 98796 98796 98796 98796 98796 98796 98796 98796 98796 98796 98796 98796 98796 98796 98796 98796 98796 98796 98796 98796 98796 98796 98796 98796 98796 98796 98796 98796 98796 98796 98796 98796 98796 98796
90658 93628 93628 94628 98686 98686 98686 98686 98686 98686 98686 98796 98796 98796 98796 98796 98796 98796 98796 98796 98796 98796 98796 98796 98796 98796 98796 98796 98796 98796 98796 98796 98796 98796 98796 98796 98796 98796 98796 98796
91997 93838 95018 98456 98796 98796 98796 98796 98796 98796 98796 98796 98796 98796 98796 98796 98796 98796 98796 98796 98796 98796 98796 98796 98796 98796 98796 98796 98796 98796 98796 98796 98796 98796 98796 98796 98796 98796 98796 98796
94656 94656 94656 98796 98796 98796 98796 98796 98796 98796 98796 98796 98796 98796 98796 98796 98796 98796 98796 98796 98796 98796 98796 98796 98796 98796 98796 98796 98796 98796 98796 98796 98796 98796 98796 98796 98796 98796 98796 98796
92313 98526 98526 98796 98796 98796 98796 98796 98796 98796 98796 98796 98796 98796 98796 98796 98796 98796 98796 98796 98796 98796 98796 98796 98796 98796 98796 98796 98796 98796 98796 98796 98796 98796 98796 98796 98796 98796 98796 98796
94151 94388 98796 98796 98796 98796 98796 98796 98796 98796 98796 98796 98796 98796 98796 98796 98796 98796 98796 98796 98796 98796 98796 98796 98796 98796 98796 98796 98796 98796 98796 98796 98796 98796 98796 98796 98796 98796 98796 98796
90253 94711 98396 98526 98631 98796 98796 98796 98796 98796 98796 98796 98796 98796 98796 98796 98796 98796 98796 98796 98796 98796 98796 98796 98796 98796 98796 98796 98796 98796 98796 98796 98796 98796 98796 98796 98796 98796 98796 98796
91866 93303 94078 95018 95018 95018 95018 95018 95018 95018 95018 95018 95018 95018 95018 95018 95018 95018 95018 95018 95018 95018 95018 95018 95018 95018 95018 95018 95018 95018 95018 95018 95018 95018 95018 95018 95018 95018 95018 95018
92766 94908 94908 94908 95018 95018 95018 95018 95018 95018 95018 95018 95018 95018 95018 95018 95018 95018 95018 95018 95018 95018 95018 95018 95018 95018 95018 95018 95018 95018 95018 95018 95018 95018 95018 95018 95018 95018 95018 95018
91818 94217 98796 98796 98796 98796 98796 98796 98796 98796 98796 98796 98796 98796 98796 98796 98796 98796 98796 98796 98796 98796 98796 98796 98796 98796 98796 98796 98796 98796 98796 98796 98796 98796 98796 98796 98796 98796 98796 98796
94691 94691 94691 98526 98526 98796 98796 98796 98796 98796 98796 98796 98796 98796 98796 98796 98796 98796 98796 98796 98796 98796 98796 98796 98796 98796 98796 98796 98796 98796 98796 98796 98796 98796 98796 98796 98796 98796 98796 98796
88027 98526 98526 98796 98796 98796 98796 98796 98796 98796 98796 98796 98796 98796 98796 98796 98796 98796 98796 98796 98796 98796 98796 98796 98796 98796 98796 98796 98796 98796 98796 98796 98796 98796 98796 98796 98796 98796 98796 98796
92728 95501 98346 98346 98796 98796 98796 98796 98796 98796 98796 98796 98796 98796 98796 98796 98796 98796 98796 98796 98796 98796 98796 98796 98796 98796 98796 98796 98796 98796 98796 98796 98796 98796 98796 98796 98796 98796 98796 98796
90863 98495 98495 98506 98506 98506 98631 98631 98631 98631 98631 98631 98631 98631 98631 98631 98631 98631 98631 98631 98631 98631 98631 98631 98631 98631 98631 98631 98631 98631 98631 98631 98631 98631 98631 98631 98631 98631 98631 98631
92687 93578 94908 95018 95018 95018 95018 95018 95018 95018 95018 95018 95018 98495 98495 98495 98495 98495 98526 98796 98796 98796 98796 98796 98796 98796 98796 98796 98796 98796 98796 98796 98796 98796 98796 98796 98796 98796 98796 98796
92677 93557 93557 93557 93557 93557 93557 94228 94498 94738 94738 94738 94738 94738 94738 94738 94738 94738 94738 94738 94738 94738 94738 94738 94738 94738 94738 94738 94738 94738 94738 94738 94738 94738 94738 94738 94738 94738 94738 94738
91203 98396 98396 98506 98521 98796 98796 98796 98796 98796 98796 98796 98796 98796 98796 98796 98796 98796 98796 98796 98796 98796 98796 98796 98796 98796 98796 98796 98796 98796 98796 98796 98796 98796 98796 98796 98796 98796 98796 98796
92333 98346 98346 98495 98521 98796 98796 98796 98796 98796 98796 98796 98796 98796 98796 98796 98796 98796 98796 98796 98796 98796 98796 98796 98796 98796 98796 98796 98796 98796 98796 98796 98796 98796 98796 98796 98796 98796 98796 98796
91058 98506 98506 98506 98506 98526 98796 98796 98796 98796 98796 98796 98796 98796 98796 98796 98796 98796 98796 98796 98796 98796 98796 98796 98796 98796 98796 98796 98796 98796 98796 98796 98796 98796 98796 98796 98796 98796 98796 98796
91672 93033 93908 93908 94138 94248 94248 94248 94248 94348 94348 94348 94348 94348 94348 94348 94348 94348 94348 94348 94348 94348 94348 94348 94348 94348 94348 94348 94348 94348 94348 94348 94348 94348 94348 94348 94348 94348 94348 94348
92788 93898 94068 94908 94908 95018 95018 95018 95018 95018 95018 98016 98016 98016 98346 98796 98796 98796 98796 98796 98796 98796 98796 98796 98796 98796 98796 98796 98796 98796 98796 98796 98796 98796 98796 98796 98796 98796 98796 98796
91458 92537 94057 94083 96141 96141 97906 98631 98796 98796 98796 98796 98796 98796 98796 98796 98796 98796 98796 98796 98796 98796 98796 98796 98796 98796 98796 98796 98796 98796 98796 98796 98796 98796 98796 98796 98796 98796 98796 98796
93468 98416 98526 98796 98796 98796 98796 98796 98796 98796 98796 98796 98796 98796 98796 98796 98796 98796 98796 98796 98796 98796 98796 98796 98796 98796 98796 98796 98796 98796 98796 98796 98796 98796 98796 98796 98796 98796 98796 98796
91021 93738 94228 94228 94348 94348 94348 94348 94348 94348 94348 94348 94348 94348 94348 94348 94348 94348 94348 94348 94348 94348 94348 94348 94348 94348 94348 94348 94348 94348 94348 94348 94348 94348 94348 94348 94348 94348 94348 94348
88038 92407 94183 94183 95018 95018 95018 95018 95018 95018 95018 95018 95018 95018 95018 95018 95018 95018 95018 95018 95018 95018 95018 95018 95018 95018 95018 95018 95018 95018 95018 95018 95018 95018 95018 95018 95018 95018 95018 95018
88808 93023 94193 94193 94738 94738 94738 94738 94738 94738 94738 94738 95018 95018 95018 95018 95018 95018 95018 95018 95018 95018 95018 95018 95018 95018 95018 95018 95018 95018 95018 95018 95018 95018 95018 95018 95018 95018 95018 95018
91043 93728 94738 94738 94738 94738 94738 94738 94738 94738 94738 94738 94738 94738 94738 94738 94738 94738 94738 94738 94738 94738 94738 94738 94738 94738 95018 95018 95018 95018 95018 95018 95018 95018 95018 95018 95018 95018 95018 95018
94311 94338 94338 94338 94338 94338 94738 94738 94738 94738 94738 94738 94738 94738 94738 94738 94738 94738 94738 94738 94738 94738 94738 94738 94738 94738 94738 94738 94738 94738 94738 94738 94738 94738 94738 94738 94738 94738 94738 94738
94037 94498 94908 94908 94908 94908 95018 95018 95018 95018 95018 95018 95018 95018 95018 95018 95018 95018 95018 95018 95018 95018 95018 95018 95018 95018 95018 95018 95018 95018 95018 95018 95018 95018 95018 95018 95018 95018 95018 95018

BPSO2 Results:
93971 94241 94241 94241 94241 94241 98456 98456 98456 98456 98456 98456 98456 98456 98456 98456 98456 98456 98456 98456 98456 98456 98456 98456 98456 98456 98456 98456 98456 98456 98456 98456 98456 98456 98456 98456 98456 98456 98456 98456
91542 92647 93927 93927 94908 94908 94908 94908 95018 95018 95018 95018 95018 95018 95018 95018 95018 95018 95018 95018 95018 95018 95018 95018 95018 95018 95018 95018 95018 95018 95018 95018 95018 95018 95018 95018 95018 95018 95018 95018
89983 95501 95501 95501 98416 98416 98416 98416 98796 98796 98796 98796 98796 98796 98796 98796 98796 98796 98796 98796 98796 98796 98796 98796 98796 98796 98796 98796 98796 98796 98796 98796 98796 98796 98796 98796 98796 98796 98796 98796
86453 94138 94138 94138 94138 94228 94228 94228 94228 94228 94228 94228 94228 94228 94228 94228 94228 95357 95357 95357 95357 95357 95357 95357 95357 95357 95357 95357 95357 95357 98526 98526 98526 98526 98526 98526 98526 98526 98526 98526
92256 94238 94238 94238 94238 94238 94238 94348 94348 94348 94348 94348 94348 94348 94348 94348 94348 94348 94348 94348 94348 94348 94348 94348 94348 94348 94348 94348 94348 94348 94348 94348 94348 94348 94348 94348 94348 94348 94348 94348
90277 93083 93083 98796 98796 98796 98796 98796 98796 98796 98796 98796 98796 98796 98796 98796 98796 98796 98796 98796 98796 98796 98796 98796 98796 98796 98796 98796 98796 98796 98796 98796 98796 98796 98796 98796 98796 98796 98796 98796
92083 93632 93632 94217 94217 94217 94217 95407 95642 95642 95642 95642 95642 95642 95642 95642 95642 95642 95642 95642 95642 95642 95642 95642 95642 95642 95642 95642 95642 95642 95642 95642 95642 95642 95642 95642 95642 95642 95642 95642
92748 92798 92798 92798 93838 94047 94047 94228 94228 94228 94228 94228 94228 96031 96141 96141 96141 96141 96141 96141 96141 96141 96141 96141 96141 96141 96141 96141 96141 96141 96141 96141 96141 96141 96141 96141 96141 96141 96141 96141
92958 98686 98686 98796 98796 98796 98796 98796 98796 98796 98796 98796 98796 98796 98796 98796 98796 98796 98796 98796 98796 98796 98796 98796 98796 98796 98796 98796 98796 98796 98796 98796 98796 98796 98796 98796 98796 98796 98796 98796
92808 95117 95117 95517 95517 95517 95517 95627 98796 98796 98796 98796 98796 98796 98796 98796 98796 98796 98796 98796 98796 98796 98796 98796 98796 98796 98796 98796 98796 98796 98796 98796 98796 98796 98796 98796 98796 98796 98796 98796
91903 94193 94193 94193 94193 94738 94738 94738 94738 94738 94738 94738 94738 94738 94738 94738 94738 94738 94738 94738 94738 94738 94738 94738 94738 94738 94738 94738 94738 94738 94738 94738 94738 94738 94738 94738 94738 94738 94738 94738
93601 98385 98385 98385 98796 98796 98796 98796 98796 98796 98796 98796 98796 98796 98796 98796 98796 98796 98796 98796 98796 98796 98796 98796 98796 98796 98796 98796 98796 98796 98796 98796 98796 98796 98796 98796 98796 98796 98796 98796
91031 94073 94073 94073 94073 94073 94073 94073 94073 94073 95018 95018 95018 95018 95018 95018 95018 95018 95018 95018 95018 95018 95018 95018 95018 95018 95018 95018 95018 95018 95018 98495 98495 98495 98495 98495 98495 98495 98495 98495
93798 94018 94068 94068 94338 94338 94338 94738 94738 94738 94738 94738 94738 94738 94738 94738 94738 94738 94738 94738 94738 94738 94738 94738 94738 94738 94738 94738 94738 94738 94738 95787 95787 95787 95787 95787 95787 95787 95787 95787
84424 93382 93382 93382 93492 93817 93817 93817 93817 93817 93817 93817 94738 94738 98796 98796 98796 98796 98796 98796 98796 98796 98796 98796 98796 98796 98796 98796 98796 98796 98796 98796 98796 98796 98796 98796 98796 98796 98796 98796
90598 92213 93861 98796 98796 98796 98796 98796 98796 98796 98796 98796 98796 98796 98796 98796 98796 98796 98796 98796 98796 98796 98796 98796 98796 98796 98796 98796 98796 98796 98796 98796 98796 98796 98796 98796 98796 98796 98796 98796
91767 93743 93743 93743 93743 93743 93743 93743 93743 93743 93743 93743 93743 94738 94738 94738 94738 94738 94738 94738 94738 94738 94738 94738 94738 94738 94738 94738 94738 94738 94738 94738 94738 94738 94738 94738 94738 94738 94738 94738
91203 92607 93233 94348 94348 94348 94348 94348 95018 95018 95018 95018 95018 95018 95018 95018 95018 95018 95018 95018 95018 95018 95018 95018 95018 95018 95018 95018 95018 95018 95018 95018 95018 95018 95018 95018 95018 95018 95018 95018
93693 93693 93693 93693 93788 93788 94238 94238 94238 94327 94327 94327 98016 98495 98495 98495 98495 98495 98495 98495 98495 98495 98631 98631 98631 98631 98631 98631 98631 98631 98631 98631 98631 98631 98631 98631 98631 98631 98631 98631
94360 94360 94470 94470 94470 94656 94656 94656 94656 98796 98796 98796 98796 98796 98796 98796 98796 98796 98796 98796 98796 98796 98796 98796 98796 98796 98796 98796 98796 98796 98796 98796 98796 98796 98796 98796 98796 98796 98796 98796
93358 93978 94238 94248 94348 94348 94348 94348 94348 94348 94348 95117 95117 95117 95117 98796 98796 98796 98796 98796 98796 98796 98796 98796 98796 98796 98796 98796 98796 98796 98796 98796 98796 98796 98796 98796 98796 98796 98796 98796
92547 92547 92547 94008 94008 94008 94008 94008 94193 94193 94193 94327 94327 94327 94327 94327 94327 94327 94348 94348 94348 94348 94348 94348 94348 94348 94348 94348 94348 94348 94348 94348 94348 94348 94348 94348 94348 94348 94348 94348
86569 92408 92876 94111 94711 94711 98796 98796 98796 98796 98796 98796 98796 98796 98796 98796 98796 98796 98796 98796 98796 98796 98796 98796 98796 98796 98796 98796 98796 98796 98796 98796 98796 98796 98796 98796 98796 98796 98796 98796
92218 93668 93908 94738 94738 94738 94738 94738 98526 98526 98526 98526 98526 98526 98526 98526 98526 98526 98526 98526 98526 98526 98526 98526 98526 98526 98526 98526 98526 98526 98526 98526 98526 98526 98526 98526 98526 98526 98526 98526
91552 92523 92633 93468 93683 95018 95018 95018 95018 95018 95018 95018 95337 95337 95337 95337 95337 95337 95337 95337 95337 95337 95337 95337 95337 95337 95337 95337 95337 95337 95337 95337 95337 95337 95337 95337 95337 95337 95337 95337
86758 92568 93557 93557 93557 93908 93908 94908 94908 94908 94908 94908 94908 94908 94908 94908 94908 94908 94908 94908 94908 94908 94908 94908 94908 94908 94908 94908 94908 94908 94908 94908 94908 94908 94908 94908 94908 94908 94908 94908
91047 93147 98521 98521 98521 98521 98521 98521 98521 98521 98521 98526 98526 98526 98526 98526 98526 98526 98526 98526 98526 98526 98526 98526 98526 98526 98526 98526 98526 98526 98526 98526 98526 98526 98526 98526 98526 98526 98526 98526
87192 94645 95117 95787 95787 95787 95787 98396 98396 98396 98396 98396 98396 98396 98396 98396 98396 98396 98396 98396 98396 98396 98506 98506 98506 98506 98506 98506 98506 98506 98506 98506 98506 98506 98506 98506 98506 98506 98506 98506
89582 90621 98385 98631 98631 98631 98631 98631 98631 98631 98631 98631 98631 98631 98631 98631 98631 98631 98631 98631 98631 98631 98631 98631 98631 98631 98631 98631 98631 98631 98631 98631 98631 98631 98631 98631 98631 98631 98631 98631
91872 92112 94645 94645 94656 94656 95242 98016 98016 98016 98016 98521 98521 98521 98521 98521 98521 98521 98521 98521 98521 98521 98521 98521 98521 98521 98521 98631 98631 98631 98631 98631 98631 98631 98631 98631 98631 98631 98631 98631

GA2 Results:
93118 93798 94248 94248 94248 94248 94348 94348 94348 94348 94348 94348 94348 94348 94348 94348 94348 94348 94348 94348 94348 94348 94348 94348 94348 94348 94348 94348 94348 94348 94348 94348 94348 94348 94348 94348 94348 94348 94348 94348
87215 94248 94248 94348 94348 94348 94348 94348 94348 94348 94348 94348 94348 94348 94348 94348 94348 94348 94348 94348 94348 94348 94348 94348 94348 94348 94348 94348 94348 94348 94348 94348 94348 94348 94348 94348 94348 94348 94348 94348
87277 92387 93073 94037 94037 94338 94338 94338 94338 94338 94738 94738 94738 94738 94738 94738 94738 94738 94738 94738 94738 94738 95018 95018 95018 95018 95018 95018 95018 95018 95018 95018 95018 95018 95018 95018 95018 95018 95018 95018
89327 91867 92597 92898 92898 93778 94348 94348 94348 94348 94348 94348 94348 94348 94348 94348 94348 94348 94348 94348 94348 94348 94348 94348 94348 94348 94348 94348 94348 94348 94348 94348 94348 94348 94348 94348 94348 94348 94348 94348
91718 93328 94348 94348 94348 94348 94348 94348 94348 94348 94348 94348 94348 94348 94348 94348 94348 94348 94348 94348 94348 94348 94348 94348 94348 94348 94348 94348 94348 94348 94348 94348 94348 94348 94348 94348 94348 94348 94348 94348
86213 91657 93317 93317 93367 93367 94047 94348 94348 94348 94348 94348 94348 94348 94348 94348 94348 94348 94348 94348 94348 94348 94348 94348 94348 94348 94348 94348 94348 94348 94348 94348 94348 94348 94348 94348 94348 94348 94348 94348
83194 92382 93317 93317 93492 93492 93492 93868 94193 94738 94738 94738 94738 95018 95018 95018 95018 95018 95018 95018 95018 95018 95018 95018 95018 95018 95018 95018 95018 95018 95018 95018 95018 95018 95018 95018 95018 95018 95018 95018
83917 91707 93367 93767 93767 93767 93778 93778 93778 93778 93778 94348 94348 94348 94348 94348 94348 94348 94348 94348 94348 94348 94348 94348 94348 94348 94348 94348 94348 94348 94348 94348 94348 94348 94348 94348 94348 94348 94348 94348
89057 92798 92798 94338 94338 94338 94338 94338 94338 94338 94338 94338 94338 94338 94338 94338 94338 94338 94338 94338 94338 94338 94338 94338 94338 94338 94338 94338 94338 94338 94338 94338 94338 94338 94338 94338 94338 94338 94338 94338
87813 92086 92898 93218 93218 93503 93743 94338 94338 94338 94338 94338 94338 94338 94338 94338 94338 94338 94338 94498 94498 94498 95018 95018 95018 95018 95018 95018 95018 95018 95018 95018 95018 95018 95018 95018 95018 95018 95018 95018
91722 92958 93278 93458 94248 94248 94327 94327 94348 94348 94348 94348 94348 94348 94348 94348 94348 94348 94348 94348 94348 94348 94348 94348 94348 94348 94348 94348 94348 94348 94348 94348 94348 94348 94348 94348 94348 94348 94348 94348
92137 92177 94327 94338 94338 94338 94338 94338 98796 98796 98796 98796 98796 98796 98796 98796 98796 98796 98796 98796 98796 98796 98796 98796 98796 98796 98796 98796 98796 98796 98796 98796 98796 98796 98796 98796 98796 98796 98796 98796
87155 89838 94248 94248 94248 94348 94348 94348 94348 94348 94348 94348 94348 94348 94348 94348 94348 94348 94348 94348 94348 94348 94348 94348 94348 94348 94348 94348 94348 94348 94348 94348 94348 94348 94348 94348 94348 94348 94348 94348
92078 92562 93267 94248 94248 94338 94348 94348 94348 94348 94348 94348 94348 94348 94348 94348 94348 94348 94348 94348 94348 94348 94348 94348 94348 94348 94348 94348 94348 94348 94348 94348 94348 94348 94348 94348 94348 94348 94348 94348
92243 94178 98796 98796 98796 98796 98796 98796 98796 98796 98796 98796 98796 98796 98796 98796 98796 98796 98796 98796 98796 98796 98796 98796 98796 98796 98796 98796 98796 98796 98796 98796 98796 98796 98796 98796 98796 98796 98796 98796
90758 92673 94183 94348 94348 94348 94348 94348 94348 94348 94348 94348 94348 94348 94348 94348 94348 94348 94348 94348 94348 94348 94348 94348 94348 94348 94348 94348 94348 94348 94348 94348 94348 94348 94348 94348 94348 94348 94348 94348
89612 92448 92898 92898 92898 92898 92898 93778 93778 93778 94338 94338 94338 94338 94338 94338 94338 94338 94498 94498 94498 94498 94738 94738 94738 94738 94738 94738 94738 94738 94738 94738 94738 94738 94738 94738 94738 94738 94738 94738
89506 91742 93392 93392 94327 94348 94348 94348 94348 94348 94348 94348 94348 94348 94348 94348 94348 94348 94348 94348 94348 94348 94348 94348 94348 94348 94348 94348 94348 94348 94348 94348 94348 94348 94348 94348 94348 94348 94348 94348
90036 92268 92268 94300 94300 94520 98796 98796 98796 98796 98796 98796 98796 98796 98796 98796 98796 98796 98796 98796 98796 98796 98796 98796 98796 98796 98796 98796 98796 98796 98796 98796 98796 98796 98796 98796 98796 98796 98796 98796
91292 94348 94348 94348 94348 94348 94348 94348 94348 94348 94348 94348 94348 94348 94348 94348 94348 94348 94348 94348 94348 94348 94348 94348 94348 94348 94348 94348 94348 94348 94348 94348 94348 94348 94348 94348 94348 94348 94348 94348
89507 92062 93218 93367 94338 94738 94738 94738 94738 94738 94738 94738 94738 94738 94738 94738 94738 94738 94738 94738 94738 94738 94738 94738 94738 94738 94738 94738 94738 94738 94738 94738 94738 94738 94738 94738 94738 94738 94738 94738
91867 92898 94338 94338 94348 94738 94738 94738 95018 95018 95018 95018 95018 95018 95018 95018 95018 95018 95018 95018 95018 95018 95018 95018 95018 95018 95018 95018 95018 95018 95018 95018 95018 95018 95018 95018 95018 95018 95018 95018
89067 89067 93367 94058 94058 94058 94348 94348 94348 94348 94348 94348 94348 94348 94348 94348 94348 94348 94348 94348 94348 94348 94348 94348 94348 94348 94348 94348 94348 94348 94348 94348 94348 94348 94348 94348 94348 94348 94348 94348
86179 90427 92857 93877 94348 94348 94348 94348 94348 94348 94348 94348 94348 94348 94348 94348 94348 94348 94348 94348 94348 94348 94348 94348 94348 94348 94348 94348 94348 94348 94348 94348 94348 94348 94348 94348 94348 94348 94348 94348
91827 92432 92898 92898 92898 92898 92898 92898 92898 92898 93018 93363 94228 94338 94338 94338 94338 94338 94338 94338 94338 94338 94338 94338 94338 94338 94338 94338 94338 94338 94338 94338 94338 94338 94338 94338 94338 94338 94338 94338
94131 94131 98176 98796 98796 98796 98796 98796 98796 98796 98796 98796 98796 98796 98796 98796 98796 98796 98796 98796 98796 98796 98796 98796 98796 98796 98796 98796 98796 98796 98796 98796 98796 98796 98796 98796 98796 98796 98796 98796
91618 92787 94248 94248 94248 94348 94348 94348 94348 94348 94348 94348 94348 94348 94348 94348 94348 94348 94348 94348 94348 94348 94348 94348 94348 94348 94348 94348 94348 94348 94348 94348 94348 94348 94348 94348 94348 94348 94348 94348
93367 93367 93778 94348 94348 94348 94348 94348 94348 94348 94348 94348 94348 94348 94348 94348 94348 94348 94348 94348 94348 94348 94348 94348 94348 94348 94348 94348 94348 94348 94348 94348 94348 94348 94348 94348 94348 94348 94348 94348
86090 92018 93317 93317 93778 94327 94338 94338 94338 94338 94338 94338 94338 94338 94338 94338 94338 94338 94338 94338 94338 94338 94338 94338 94338 94738 94738 94738 94738 94738 94738 94738 94738 94738 94738 94738 94738 94738 94738 94738
90728 93218 93218 93218 93367 93367 93367 93527 93527 93527 93527 93767 94498 94738 94738 94738 94738 94738 94738 94738 94738 94738 94738 94738 94738 94738 94738 94738 94738 94738 94738 94738 94738 94738 94738 94738 94738 94738 94738 94738

BPSO3 Results:
88353 93392 93458 93728 94170 94170 94170 94170 98286 98796 98796 98796 98796 98796 98796 98796 98796 98796 98796 98796 98796 98796 98796 98796 98796 98796 98796 98796 98796 98796 98796 98796 98796 98796 98796 98796 98796 98796 98796 98796
86068 88072 90686 91616 91757 91757 93888 93903 93903 93903 93903 94520 94520 94520 94520 94520 94645 94645 94645 94645 94645 94645 94645 95501 95501 95501 95501 95501 95501 95501 95501 95501 95501 95501 95501 95501 95501 95501 95501 95501
87277 91767 92203 92203 92203 93378 93378 98526 98526 98526 98526 98526 98526 98526 98526 98526 98526 98526 98526 98526 98526 98631 98631 98631 98631 98631 98631 98631 98631 98631 98631 98631 98631 98631 98631 98631 98631 98631 98631 98631
88005 94018 94018 94018 94018 94018 94018 94057 94057 94057 98495 98495 98495 98495 98495 98495 98495 98495 98495 98495 98495 98495 98495 98686 98686 98686 98686 98686 98686 98686 98686 98686 98686 98686 98686 98686 98686 98686 98686 98686
95227 95227 95227 95297 95407 95407 95407 95407 95752 95752 95752 95752 95752 95752 95752 95752 95752 95752 95752 95752 95752 95752 95752 95752 95752 95752 95752 95752 95752 95752 95752 95752 95752 95752 95752 95752 95752 95752 95752 95752
90018 93641 93641 93838 93838 93838 94471 94471 94471 94471 94471 94471 94471 94471 94471 94471 94471 94471 94471 94471 94471 94471 94471 94471 95501 95501 95501 95501 95501 95501 95501 95501 95501 95501 95501 95501 95501 95501 95501 95501
78670 90306 92518 92518 94018 94018 94018 94018 94018 94018 94018 98346 98346 98346 98346 98346 98346 98346 98346 98346 98346 98346 98346 98346 98346 98346 98346 98346 98346 98346 98346 98346 98346 98346 98346 98346 98346 98346 98346 98346
86153 92868 94471 94471 94471 94471 94471 94471 94471 95261 95261 95261 95261 95261 95261 95261 95261 95261 95261 95261 95261 95261 95261 95261 95261 95261 95261 95402 95402 95402 95402 95402 95402 95402 95752 95752 95752 95752 95752 95752
84362 89073 93973 93973 93973 93973 93973 93973 98176 98176 98286 98286 98526 98526 98526 98526 98526 98526 98526 98526 98526 98526 98526 98526 98526 98526 98526 98526 98526 98526 98796 98796 98796 98796 98796 98796 98796 98796 98796 98796
86968 91148 92518 92518 92518 95227 95227 95227 95227 95227 95227 95227 95227 95227 95227 95227 95227 95227 95227 95227 95387 95387 95387 95387 95387 95387 95387 95387 95387 95387 95387 95387 95387 95387 95387 95387 95387 95387 95387 95387
92153 92753 94083 94083 94083 94908 94908 94908 94908 95018 95018 95018 95018 95018 95018 95018 95018 95018 95018 95018 95018 95018 95018 95018 95018 95018 95018 95018 95018 95018 95018 95018 95018 95018 95018 95018 95018 95018 95018 95018
86727 91308 92358 98176 98176 98176 98396 98521 98521 98521 98521 98521 98521 98521 98521 98521 98521 98521 98521 98521 98521 98521 98521 98521 98521 98521 98521 98521 98521 98521 98521 98521 98521 98521 98521 98521 98521 98521 98521 98521
76219 92033 92033 93033 93033 93033 93798 93798 93861 93861 96031 98385 98385 98385 98495 98495 98495 98495 98495 98495 98495 98495 98495 98495 98495 98495 98495 98495 98495 98495 98495 98495 98495 98495 98495 98495 98495 98495 98495 98495
95577 95577 95577 95577 95577 95577 95577 95577 95577 95577 95577 95577 95577 95577 95577 95577 95577 95577 95577 95577 95577 95577 95577 95577 95577 95577 95577 95577 95577 95577 95577 95577 95577 95616 98526 98526 98526 98526 98526 98526
88258 90048 94496 94496 94496 94496 94496 94496 94496 98016 98016 98016 98016 98016 98016 98016 98016 98016 98016 98016 98016 98016 98016 98016 98346 98346 98346 98346 98346 98346 98346 98346 98346 98346 98346 98346 98346 98346 98346 98346
82935 89803 91578 93978 93978 93978 93978 93978 93978 93978 93978 93978 93978 98346 98346 98416 98416 98416 98416 98416 98416 98416 98416 98416 98416 98416 98416 98416 98416 98416 98416 98416 98416 98416 98416 98416 98416 98416 98416 98416
81340 90827 92858 92858 92858 92858 92858 92858 92858 94498 94498 94498 94498 94498 94498 94738 94738 94738 94738 94738 94738 94738 95007 95007 95357 95357 95357 95357 95357 95357 95357 95357 95357 95357 95357 95357 95357 95357 95357 95357
87265 93927 93927 94738 94738 94738 94738 94738 94738 94738 94738 94738 94738 94738 94738 94738 94738 94738 94738 94738 94738 94738 94738 94738 94738 94738 95501 95501 95501 95501 95501 95501 95501 95501 95501 95501 95501 95501 95501 95501
86760 92023 92738 92843 92843 92843 98396 98396 98396 98396 98396 98396 98396 98396 98396 98396 98396 98396 98396 98396 98396 98396 98396 98396 98396 98506 98506 98506 98506 98506 98506 98506 98506 98506 98506 98506 98506 98506 98506 98506
91352 93133 93133 93133 93978 93978 94248 94248 94248 94248 95018 95018 95018 95018 95018 95018 95018 95018 95018 95018 95387 95387 95387 95387 95387 95387 95387 95387 95387 95387 95387 95387 95387 95387 95387 95387 98631 98631 98631 98631
81720 92878 92878 92878 92878 92878 92878 93058 93568 94628 94628 94628 94628 94628 94628 94628 94628 94628 94628 94628 94628 94628 94628 94628 94628 94628 94628 94628 94628 94628 94628 94628 94628 94628 94628 94628 94628 94628 94628 94628
90377 91937 91937 93837 93837 93898 93898 93968 93978 93978 93978 93978 93978 94058 94058 94058 94058 94058 94058 94058 94058 94058 94058 94058 94058 94058 94058 94058 94058 94058 94058 94058 94058 94058 94058 94058 94058 94058 94058 94058
80758 90513 92588 93903 93903 94628 94628 94628 94628 94628 94628 94628 94628 94628 94628 94628 94628 94628 94628 94628 94628 94628 94628 94628 94628 94628 94628 94628 94628 94628 94628 94628 94628 94628 94628 94628 94628 94628 94628 94628
92033 92623 92623 98286 98286 98286 98456 98456 98456 98456 98456 98456 98456 98456 98456 98495 98495 98495 98495 98495 98495 98495 98495 98495 98495 98495 98495 98495 98495 98495 98495 98495 98495 98495 98495 98495 98495 98495 98495 98495
90478 91997 92067 92067 93743 94228 94228 94338 94338 94338 98796 98796 98796 98796 98796 98796 98796 98796 98796 98796 98796 98796 98796 98796 98796 98796 98796 98796 98796 98796 98796 98796 98796 98796 98796 98796 98796 98796 98796 98796
88533 91313 92547 92547 92547 93417 93417 93417 93523 93523 93738 93738 93738 94897 94897 94897 94897 94897 94897 94897 94897 94897 94897 94897 94897 94897 94897 94897 94897 94897 94897 94897 94897 94897 94897 94897 94897 94897 94897 94897
88463 88533 93228 93678 93678 93678 93678 93678 94058 94058 94058 94908 94908 94908 94908 94908 94908 94908 95018 95018 95018 95018 95018 95027 95027 95027 95027 95027 95027 95027 95027 95027 95027 95027 95027 95677 95677 95677 95677 95677
92082 92082 92837 93043 94327 94327 94327 94327 94327 94327 94327 94628 94628 94628 94628 94628 94628 94628 94628 94628 94628 94628 94628 94628 94628 94628 94628 94628 94628 94628 94628 94628 94628 94628 94628 94628 94628 94628 94628 94628
85058 90932 91405 92807 92888 92888 94908 94908 94908 94908 94908 94908 94908 94908 94908 94908 94908 94908 94908 94908 94908 94908 94908 94908 94908 94908 94908 94908 94908 94908 94908 94908 94908 94908 94908 94908 94908 94908 94908 94908
84938 87833 91868 98286 98286 98286 98521 98521 98521 98521 98521 98521 98521 98521 98521 98521 98521 98521 98521 98521 98521 98521 98521 98521 98521 98521 98521 98521 98521 98521 98521 98521 98521 98521 98521 98521 98521 98521 98521 98521

GA3 Results:
92313 98521 98521 98521 98631 98796 98796 98796 98796 98796 98796 98796 98796 98796 98796 98796 98796 98796 98796 98796 98796 98796 98796 98796 98796 98796 98796 98796 98796 98796 98796 98796 98796 98796 98796 98796 98796 98796 98796 98796
92408 93947 94118 94138 94248 95018 98686 98686 98796 98796 98796 98796 98796 98796 98796 98796 98796 98796 98796 98796 98796 98796 98796 98796 98796 98796 98796 98796 98796 98796 98796 98796 98796 98796 98796 98796 98796 98796 98796 98796
92468 94118 95018 95018 98286 98286 98286 98286 98521 98631 98796 98796 98796 98796 98796 98796 98796 98796 98796 98796 98796 98796 98796 98796 98796 98796 98796 98796 98796 98796 98796 98796 98796 98796 98796 98796 98796 98796 98796 98796
91061 98385 98385 98385 98506 98506 98796 98796 98796 98796 98796 98796 98796 98796 98796 98796 98796 98796 98796 98796 98796 98796 98796 98796 98796 98796 98796 98796 98796 98796 98796 98796 98796 98796 98796 98796 98796 98796 98796 98796
91523 93343 94138 95018 95018 95018 95018 95018 95018 95018 95018 95018 95018 95018 95018 95018 95018 95018 95018 95018 95018 95018 95018 95018 95018 95018 95018 95018 95018 95018 95018 95018 95018 95018 95018 95018 95018 95018 95018 95018
94211 98346 98526 98796 98796 98796 98796 98796 98796 98796 98796 98796 98796 98796 98796 98796 98796 98796 98796 98796 98796 98796 98796 98796 98796 98796 98796 98796 98796 98796 98796 98796 98796 98796 98796 98796 98796 98796 98796 98796
92557 94738 95018 95018 95018 95018 95018 95018 95018 95018 95018 95018 95018 95018 95018 95018 95018 95018 95018 95018 95018 95018 95018 95018 95018 95018 95018 95018 95018 95018 95018 95018 95018 95018 95018 95018 95018 95018 95018 95018
90591 93413 93728 94068 94068 94178 94628 94628 94628 94628 94628 94738 94738 94738 94738 94738 94738 94738 94738 94738 94738 94738 94738 94738 94738 94738 94738 94738 94738 94738 94738 94738 94738 94738 94738 95018 95018 95018 95018 95018
87537 94118 94388 94388 94628 94908 94908 95018 95018 95018 95018 95018 95018 95018 95018 95018 95018 95018 95018 95018 95018 95018 95018 95018 95018 95018 95018 95018 95018 95018 95018 95018 95018 95018 95018 95018 95018 95018 95018 95018
89993 98236 98236 98631 98631 98631 98796 98796 98796 98796 98796 98796 98796 98796 98796 98796 98796 98796 98796 98796 98796 98796 98796 98796 98796 98796 98796 98796 98796 98796 98796 98796 98796 98796 98796 98796 98796 98796 98796 98796
87128 93803 93973 94083 94118 94388 94498 94498 95018 95018 95018 95018 95018 95018 95018 95018 95018 98495 98495 98495 98495 98495 98495 98495 98495 98495 98495 98495 98495 98526 98526 98796 98796 98796 98796 98796 98796 98796 98796 98796
93023 93908 94738 94738 94738 94738 94738 94738 94738 94738 94738 94738 94738 94738 94738 95018 95018 95018 95018 95018 95018 95018 95018 95018 97906 98416 98686 98686 98796 98796 98796 98796 98796 98796 98796 98796 98796 98796 98796 98796
92303 94013 98521 98521 98521 98521 98686 98686 98796 98796 98796 98796 98796 98796 98796 98796 98796 98796 98796 98796 98796 98796 98796 98796 98796 98796 98796 98796 98796 98796 98796 98796 98796 98796 98796 98796 98796 98796 98796 98796
98631 98631 98631 98796 98796 98796 98796 98796 98796 98796 98796 98796 98796 98796 98796 98796 98796 98796 98796 98796 98796 98796 98796 98796 98796 98796 98796 98796 98796 98796 98796 98796 98796 98796 98796 98796 98796 98796 98796 98796
93483 93707 94738 94738 94738 94908 94908 94908 94908 95018 95018 95018 95018 95018 95018 95018 98016 98016 98456 98456 98796 98796 98796 98796 98796 98796 98796 98796 98796 98796 98796 98796 98796 98796 98796 98796 98796 98796 98796 98796
98236 98236 98526 98526 98526 98796 98796 98796 98796 98796 98796 98796 98796 98796 98796 98796 98796 98796 98796 98796 98796 98796 98796 98796 98796 98796 98796 98796 98796 98796 98796 98796 98796 98796 98796 98796 98796 98796 98796 98796
90217 93788 93788 94217 94348 94348 94348 94348 94348 94348 94348 94348 94348 94348 94348 94348 94348 94348 94348 94348 94348 94348 94348 94348 94348 98796 98796 98796 98796 98796 98796 98796 98796 98796 98796 98796 98796 98796 98796 98796
90008 98521 98521 98631 98631 98631 98631 98631 98631 98631 98631 98631 98631 98631 98631 98631 98796 98796 98796 98796 98796 98796 98796 98796 98796 98796 98796 98796 98796 98796 98796 98796 98796 98796 98796 98796 98796 98796 98796 98796
93033 93868 93868 94248 95018 95018 95018 95018 95018 95018 95018 95018 95018 95018 95018 95018 95018 95018 95018 95018 95018 95018 95018 95018 95018 95018 95018 95018 95018 98016 98016 98016 98016 98346 98526 98526 98796 98796 98796 98796
98506 98506 98506 98506 98506 98506 98506 98506 98686 98686 98686 98796 98796 98796 98796 98796 98796 98796 98796 98796 98796 98796 98796 98796 98796 98796 98796 98796 98796 98796 98796 98796 98796 98796 98796 98796 98796 98796 98796 98796
94010 94010 94010 94010 94787 94787 94787 95337 95337 98456 98456 98456 98456 98456 98456 98456 98456 98796 98796 98796 98796 98796 98796 98796 98796 98796 98796 98796 98796 98796 98796 98796 98796 98796 98796 98796 98796 98796 98796 98796
89025 93738 98631 98631 98631 98631 98631 98631 98796 98796 98796 98796 98796 98796 98796 98796 98796 98796 98796 98796 98796 98796 98796 98796 98796 98796 98796 98796 98796 98796 98796 98796 98796 98796 98796 98796 98796 98796 98796 98796
92043 93253 93767 94908 94908 95018 95018 95018 95018 95018 95018 95018 95018 95018 95018 95018 95018 95018 95018 95018 95018 95018 95018 95018 95018 95018 95018 95018 95018 95018 95018 95018 95018 95018 95018 95018 95018 95018 95018 95018
90877 95627 95627 98385 98456 98521 98631 98631 98796 98796 98796 98796 98796 98796 98796 98796 98796 98796 98796 98796 98796 98796 98796 98796 98796 98796 98796 98796 98796 98796 98796 98796 98796 98796 98796 98796 98796 98796 98796 98796
88658 92963 93968 94348 94348 94348 94348 94348 94348 94348 94348 94348 94348 94348 94348 94348 94348 94348 94348 94348 94348 94348 94348 94348 94348 94348 94348 94348 94348 94348 94348 94348 94348 94348 94348 94348 94348 94348 94348 94348
89043 92758 92798 98286 98631 98631 98796 98796 98796 98796 98796 98796 98796 98796 98796 98796 98796 98796 98796 98796 98796 98796 98796 98796 98796 98796 98796 98796 98796 98796 98796 98796 98796 98796 98796 98796 98796 98796 98796 98796
92777 93707 93843 94908 94908 95018 95018 95018 95018 95018 95018 95018 95018 95018 95018 95018 95018 95018 98016 98016 98016 98506 98631 98796 98796 98796 98796 98796 98796 98796 98796 98796 98796 98796 98796 98796 98796 98796 98796 98796
89677 93546 93546 94238 94238 94348 94348 94348 94348 94348 94348 94348 94348 98286 98796 98796 98796 98796 98796 98796 98796 98796 98796 98796 98796 98796 98796 98796 98796 98796 98796 98796 98796 98796 98796 98796 98796 98796 98796 98796
94410 94410 98396 98506 98506 98506 98521 98526 98526 98796 98796 98796 98796 98796 98796 98796 98796 98796 98796 98796 98796 98796 98796 98796 98796 98796 98796 98796 98796 98796 98796 98796 98796 98796 98796 98796 98796 98796 98796 98796
89828 94151 94151 94348 95151 98796 98796 98796 98796 98796 98796 98796 98796 98796 98796 98796 98796 98796 98796 98796 98796 98796 98796 98796 98796 98796 98796 98796 98796 98796 98796 98796 98796 98796 98796 98796 98796 98796 98796 98796

