MKP3 Results:
BPSO1 Results:
85963 91192 91192 95517 95627 95627 95627 95627 95627 95627 95627 95627 95627 95627 95627 95627 95627 95627 95627 95627 95627 95627 95627 95627 95627 95627 95627 95627 95627 95627 95627 95627 95627 95627 95627 95627 95627 95627 95627 95627
89598 95067 95067 95067 95357 95627 95627 95627 95627 95627 95627 95627 95627 95627 95627 95627 95627 95627 95627 95627 95627 95627 95627 95627 95627 95627 95627 95627 95627 95627 95627 95627 95627 95627 95627 95627 95627 95627 95627 95627
87430 95616 95616 95616 95616 95616 95616 95677 95677 95677 95677 95677 95677 95677 95677 95677 95677 95677 95677 95677 95677 95677 95677 95677 95677 95677 95677 95677 95677 95677 95677 95677 95677 95677 95677 95677 95677 95677 95677 95677
89282 93767 93767 93767 93767 93767 93947 93947 93947 93947 93947 93947 93947 93947 93947 93947 93947 93947 93947 93947 93947 93947 93947 93947 93947 93947 93947 93947 93947 93947 93947 93947 93947 93947 93947 93947 93947 93947 93947 93947
88237 88257 92863 92863 93373 93373 93373 93373 93373 93373 93373 93373 93373 93373 93373 93373 93373 93373 93373 93373 93373 93373 93373 93373 93373 93373 93373 93373 93373 93373 93373 93373 93373 93373 93373 93373 93373 93373 93373 93373
92297 92297 92297 93278 93278 93278 93278 93278 93278 93278 93278 93278 93278 93278 93278 93518 93518 93518 93518 93518 93518 93518 93518 93518 93518 93518 93518 93518 93518 93518 93518 93518 93518 93518 93518 93518 93518 93518 93518 93518
91347 91772 92958 94908 94908 94908 94908 94908 94908 94908 94908 94908 94908 94908 94908 94908 94908 94908 94908 94908 94908 94908 94908 94908 94908 94908 94908 94908 94908 94908 94908 94908 94908 94908 94908 94908 94908 94908 94908 94908
73042 90902 92177 92177 92177 92177 92177 92177 92177 92177 92177 92177 92177 92177 92177 92177 92177 92177 92177 92177 92177 92177 92177 92177 92177 92177 92177 92177 92177 92177 92177 92177 92177 92177 92177 92177 92177 92177 92177 92177
83142 91667 92177 93533 93533 93533 93533 93533 93533 93533 93533 93533 93533 93533 93533 93533 93533 93533 93533 93533 93533 93533 93533 93533 93533 93533 93533 93533 93533 93533 93533 93533 93533 93533 93533 93533 93533 93533 93533 93533
90297 91768 92868 92868 93373 93373 93373 93373 93373 93373 93373 93373 93373 93373 93373 93373 93373 93373 93373 93373 93373 93373 93373 93373 93373 93373 93373 93373 93373 93373 93373 93373 93373 93373 93373 93373 93373 93373 93373 93373
86045 89543 91347 93012 93012 93012 93522 93522 93522 93522 93522 93947 93947 93947 93947 93947 93947 93947 93947 93947 93947 93947 93947 93947 93947 93947 93947 93947 93947 93947 93947 93947 93947 93947 93947 93947 93947 93947 93947 93947
74737 74768 89447 89462 91408 91408 91408 91408 91408 91408 91408 92958 93518 93518 93518 93518 93518 93518 93518 93518 93518 93518 93518 93518 93518 93518 93518 93518 93518 93518 93518 93518 93518 93518 93518 93518 93518 93518 93518 93518
84694 92333 92868 92868 92868 92868 92868 92868 92868 92868 92868 92868 92868 92868 95467 95467 95467 95467 95467 95467 95467 95467 95467 95467 95467 95467 95467 95467 95467 95467 95467 95467 95467 95467 95467 95467 95467 95467 95467 95467
91703 92292 92292 92292 93122 93122 93122 93127 93127 93127 93127 93127 93127 93468 93468 93468 93468 93958 93958 93958 93958 93958 93958 93958 93958 93958 93958 93958 93958 93958 93958 93958 93958 93958 93958 93958 93958 93958 93958 93958
89478 91748 91887 91887 91887 91887 91887 92658 92658 92658 92658 94996 94996 94996 94996 94996 94996 95616 95616 95616 95616 95616 95616 95616 95616 95616 95616 95616 95616 95616 95616 95616 95616 95616 95616 95616 95616 95616 95616 95616
73676 91337 91342 91667 91667 92863 93927 93927 93927 93927 93927 93927 93927 93927 93927 93927 93927 93927 93947 93947 93947 93947 93947 93947 93947 93947 93947 93947 93947 93947 93947 93947 93947 93947 93947 93947 93947 93947 93947 93947
90492 90492 90492 91907 91907 92607 93798 93798 93798 94908 94908 94908 94908 94908 94908 94908 94908 94908 94908 94908 94908 94908 94908 94908 94908 94908 94908 94908 94908 94908 94908 94908 94908 94908 94908 94908 94908 94908 94908 94908
83803 91333 93043 93043 95467 95467 95467 95467 95467 95677 95677 95677 95677 95677 95677 95677 95677 95677 95677 95677 95677 95677 95677 95677 95677 95677 95677 95677 95677 95677 95677 95677 95677 95677 95677 95677 95677 95677 95677 95677
90248 91897 93947 93947 93947 93947 93947 93947 93947 93958 93958 93958 93958 93958 93958 93958 93958 93958 93958 93958 93958 93958 93958 93958 93958 93958 93958 93958 93958 93958 93958 93958 93958 93958 93958 93958 93958 93958 93958 93958
88033 93168 93778 93778 93778 93778 93778 93778 93778 93778 93778 93778 93778 93778 93778 93778 93778 93778 93778 93927 93927 93927 93927 93927 93927 93927 93927 93927 93927 93927 93927 93927 93927 93927 93927 93927 93927 93927 93927 93927
90766 92353 93288 93288 93798 93958 93958 93958 93958 93958 93958 93958 93958 93958 93958 93958 93958 93958 93958 93958 93958 94908 94908 94908 94908 94908 94908 94908 94908 94908 94908 94908 94908 94908 94908 94908 94908 94908 94908 94908
84935 84935 92387 93012 93012 93023 93023 93023 93133 93133 93133 93133 93133 93133 93133 93133 93133 93133 93133 93133 93133 93133 93133 93133 93133 93133 93133 93133 93133 93133 93133 93133 93133 93133 93133 93133 93133 93133 93133 93133
87558 91397 91397 93518 93518 93518 93518 93958 93958 93958 93958 93958 93958 93958 93958 93958 93958 93958 93958 93958 93958 93958 93958 93958 93958 93958 93958 93958 93958 93958 93958 93958 93958 93958 93958 93958 93958 93958 93958 93958
90952 95117 95117 95117 95117 95117 95117 95117 95117 95117 95627 95627 95627 95627 95627 95627 95627 95627 95627 95627 95627 95627 95627 95627 95627 95627 95627 95627 95627 95627 95627 95627 95627 95627 95627 95627 95627 95627 95627 95627
89468 93958 93958 93958 93958 93958 93958 93958 93958 93958 93958 93958 93958 93958 93958 93958 93958 93958 93958 93958 93958 93958 93958 93958 93958 93958 93958 93958 93958 93958 93958 93958 93958 93958 93958 93958 93958 93958 93958 93958
90973 91017 91017 91017 92333 92333 92333 92333 92333 92333 92333 92333 92333 92333 92333 92333 92333 92333 92333 92333 92538 92538 92538 92868 93128 93128 93128 93128 93128 93128 93128 93128 93268 94957 94957 94957 94957 94957 94957 94957
85963 92358 92358 93127 93127 93127 93127 93127 93127 93127 93127 93127 93127 93127 93127 93127 93468 93468 93468 93468 93468 93468 93468 93468 93468 93468 93468 93468 93468 93468 93468 93468 93468 93468 93468 93468 93468 93468 93468 93468
93533 93533 93958 93958 93958 93958 93958 93958 93958 93958 93958 93958 93958 93958 93958 93958 93958 93958 93958 93958 93958 93958 93958 93958 93958 93958 93958 93958 93958 93958 93958 93958 93958 93958 93958 93958 93958 93958 93958 93958
84378 91798 93958 93958 93958 93958 93958 93958 93958 93958 93958 93958 93958 93958 93958 93958 93958 93958 93958 93958 93958 93958 93958 93958 93958 93958 93958 93958 93958 93958 93958 93958 93958 93958 93958 93958 93958 93958 93958 93958
86325 89083 92198 93188 93188 93188 93533 93767 93947 93947 93947 93947 93947 93947 93947 93947 93947 93947 93947 93947 93947 93947 93947 93947 93947 93947 93947 93947 93947 93947 93947 93947 93947 93947 93947 93947 93947 93947 93947 93947

GA1 Results:
87142 91407 92387 93138 93138 93138 93138 93138 93138 93138 93138 93138 93138 93138 93138 93138 93138 93138 93138 93138 93138 93138 93138 93138 93138 93138 93138 93138 93138 93138 93138 93138 93138 93138 93138 93138 93138 93138 93138 93138
85812 85812 92978 93533 93533 93533 93533 93533 93533 93958 93958 93958 93958 93958 93958 93958 93958 93958 93958 93958 93958 93958 93958 93958 93958 93958 93958 93958 93958 93958 93958 93958 93958 93958 93958 93958 93958 93958 93958 93958
85917 93927 93927 95357 95357 95357 95467 95627 95627 95627 95627 95627 95627 95627 95627 95627 95627 95627 95627 95627 95627 95627 95627 95627 95627 95627 95627 95627 95627 95627 95627 95627 95627 95627 95627 95627 95627 95627 95627 95627
88402 93023 93023 93533 93533 93533 93533 93533 93958 93958 93958 93958 93958 93958 93958 93958 93958 93958 93958 93958 93958 93958 93958 93958 93958 93958 93958 93958 93958 93958 93958 93958 93958 93958 93958 93958 93958 93958 93958 93958
85618 92643 92643 93127 93138 93138 93533 93533 93533 93533 93533 93533 93533 93533 93533 93533 93533 93533 93533 93958 93958 93958 93958 93958 93958 93958 93958 93958 93958 93958 93958 93958 93958 93958 93958 93958 93958 93958 93958 93958
81240 91628 92533 93522 93522 93947 93958 93958 93958 93958 93958 93958 93958 93958 93958 94908 94908 94908 94908 94908 94908 94908 94908 94908 94908 94908 94908 94908 94908 94908 94908 94908 94908 94908 94908 94908 94908 94908 94908 94908
92138 92148 92308 92468 92468 92468 92468 92468 92468 92468 92468 92468 92468 92468 92468 92468 92468 92468 92468 92468 92468 92468 92468 92468 92468 92468 92468 92468 92468 92468 92468 92468 92468 92468 92468 92468 92468 92468 92468 92468
84627 88957 93117 94908 94908 94908 94908 94908 94908 94908 94908 94908 94908 94908 94908 94908 94908 94908 94908 94908 94908 94908 94908 94908 94908 94908 94908 94908 94908 94908 94908 94908 94908 94908 94908 94908 94908 94908 94908 94908
88058 88058 92468 94957 94957 94957 94957 94957 95677 95677 95677 95677 95677 95677 95677 95677 95677 95677 95677 95677 95677 95677 95677 95677 95677 95677 95677 95677 95677 95677 95677 95677 95677 95677 95677 95677 95677 95677 95677 95677
85484 92167 92213 92213 92607 93437 93468 93947 93958 93958 93958 93958 93958 93958 93958 93958 93958 93958 93958 93958 93958 93958 93958 93958 93958 93958 93958 93958 93958 93958 93958 93958 93958 93958 93958 93958 93958 93958 93958 93958
80229 90708 91928 92468 92468 92578 92978 93127 93127 93127 93138 93138 93138 93138 93138 93138 93138 93138 93138 93138 93138 93138 93138 93138 93138 93138 93138 93138 93138 93138 93138 93138 93138 93138 93138 93138 93138 93138 93138 93138
89933 93288 93798 93947 93947 93958 93958 94908 94908 94908 94908 94908 94908 94908 94908 94908 94908 94908 94908 94908 94908 94908 94908 94908 94908 94908 94908 94908 94908 94908 94908 94908 94908 94908 94908 94908 94908 94908 94908 94908
86638 94996 95007 95117 95627 95677 95677 95677 95677 95677 95677 95677 95677 95677 95677 95677 95677 95677 95677 95677 95677 95677 95677 95677 95677 95677 95677 95677 95677 95677 95677 95677 95677 95677 95677 95677 95677 95677 95677 95677
82924 91153 91153 92533 92658 93168 93522 93522 93522 93947 93958 93958 93958 94908 94908 94908 94908 94908 94908 94908 94908 94908 94908 94908 94908 94908 94908 94908 94908 94908 94908 94908 94908 94908 94908 94908 94908 94908 94908 94908
91252 91252 92167 92177 92177 92177 92177 92177 92177 92177 92177 92177 92177 92177 92177 92177 92177 92177 92177 92177 92177 92292 92292 93127 93127 93138 93138 93138 93138 93138 93138 93138 93138 93138 93138 93138 93138 93138 93138 93138
85957 89727 93947 93947 93958 93958 93958 93958 93958 93958 93958 93958 93958 93958 93958 93958 93958 93958 93958 94908 94908 94908 94908 94908 94908 94908 94908 94908 94908 94908 94908 94908 94908 94908 94908 94908 94908 94908 94908 94908
83089 90457 91768 93138 93138 93138 93138 93138 93138 93138 93138 93138 93138 93138 93138 93958 93958 93958 93958 93958 93958 93958 93958 93958 93958 93958 93958 93958 93958 93958 93958 93958 93958 93958 93958 93958 93958 93958 93958 93958
87447 91628 92028 93468 93468 93468 93533 93958 93958 93958 93958 93958 93958 93958 93958 93958 93958 93958 93958 93958 93958 93958 93958 93958 93958 94908 94908 94908 94908 94908 94908 94908 94908 94908 94908 94908 94908 94908 94908 94908
76020 90177 93522 93522 93522 93947 93947 93958 93958 93958 93958 93958 93958 93958 93958 93958 93958 93958 93958 93958 93958 93958 93958 93958 93958 93958 93958 93958 93958 93958 93958 93958 93958 93958 93958 93958 93958 93958 93958 93958
89427 92027 93127 93127 93127 93138 93138 93138 93138 93138 93138 93958 93958 93958 93958 93958 93958 93958 93958 93958 93958 93958 93958 93958 93958 93958 93958 93958 93958 93958 93958 93958 93958 93958 93958 93958 93958 93958 93958 93958
90428 92033 94908 94908 94908 94908 94908 94908 94908 94908 94908 94908 94908 94908 94908 94908 94908 94908 94908 94908 94908 94908 94908 94908 94908 94908 94908 94908 94908 94908 94908 94908 94908 94908 94908 94908 94908 94908 94908 94908
73875 89798 94847 94847 94847 94847 94847 95357 95467 95627 95627 95627 95627 95627 95627 95627 95627 95627 95627 95627 95627 95627 95627 95627 95627 95627 95627 95627 95627 95627 95627 95627 95627 95627 95627 95627 95627 95627 95627 95627
81709 92533 92533 93533 93533 93533 93533 93533 93958 93958 93958 93958 93958 93958 93958 93958 93958 93958 93958 93958 93958 93958 93958 93958 93958 93958 93958 93958 93958 93958 93958 93958 93958 93958 93958 93958 93958 93958 93958 93958
85270 91347 92638 93518 93518 93927 94908 94908 94908 94908 94908 94908 94908 94908 94908 94908 94908 94908 94908 94908 94908 94908 94908 94908 94908 94908 94908 94908 94908 94908 94908 94908 94908 94908 94908 94908 94908 94908 94908 94908
91061 92863 92863 92863 92863 93138 93958 93958 93958 93958 93958 93958 93958 93958 93958 93958 93958 93958 93958 93958 93958 93958 93958 93958 93958 93958 93958 93958 93958 93958 93958 93958 93958 93958 93958 93958 93958 93958 93958 93958
87573 91258 93798 93798 93798 93958 94908 94908 94908 94908 94908 94908 94908 94908 94908 94908 94908 94908 94908 94908 94908 94908 94908 94908 94908 94908 94908 94908 94908 94908 94908 94908 94908 94908 94908 94908 94908 94908 94908 94908
95467 95467 95467 95467 95467 95467 95677 95677 95677 95677 95677 95677 95677 95677 95677 95677 95677 95677 95677 95677 95677 95677 95677 95677 95677 95677 95677 95677 95677 95677 95677 95677 95677 95677 95677 95677 95677 95677 95677 95677
89078 93518 94908 94908 94908 94908 94908 94908 94908 94908 94908 94908 94908 94908 94908 94908 94908 94908 94908 94908 94908 94908 94908 94908 94908 94908 94908 94908 94908 94908 94908 94908 94908 94908 94908 94908 94908 94908 94908 94908
79749 92067 92177 93043 93947 93958 93958 93958 93958 93958 93958 93958 93958 93958 93958 93958 93958 93958 93958 93958 93958 93958 93958 93958 93958 93958 93958 93958 93958 93958 93958 93958 93958 93958 93958 93958 93958 93958 93958 93958
84173 90582 91131 95117 95616 95627 95627 95627 95627 95627 95627 95627 95627 95627 95627 95627 95627 95627 95627 95627 95627 95627 95627 95627 95627 95627 95627 95627 95627 95627 95627 95627 95627 95627 95627 95627 95627 95627 95627 95627

BPSO2 Results:
85178 89977 89977 92027 92027 92038 92297 93278 93278 93278 93278 93278 93278 93278 93278 93278 93278 93278 93278 93278 93278 93278 93278 93278 93278 93278 93278 93278 93278 93278 93278 93278 93278 93278 93278 93278 93278 93278 93278 93278
88223 89868 90198 91148 91768 91768 91768 91787 91787 91787 91787 91787 91787 91878 91878 91878 91878 91878 91878 91878 91878 91878 91878 93268 93268 93268 93268 93268 93268 93268 93268 93268 93268 95027 95027 95027 95027 95027 95027 95027
87103 89923 92098 92098 92098 92098 95007 95007 95007 95007 95007 95007 95007 95007 95007 95007 95007 95007 95007 95007 95007 95007 95007 95007 95007 95007 95007 95007 95007 95517 95517 95517 95517 95517 95517 95517 95517 95517 95517 95517
89003 92628 92628 93278 93278 93278 93278 93278 93278 93278 93278 93278 95467 95467 95467 95467 95467 95467 95467 95467 95467 95467 95467 95467 95467 95467 95467 95467 95467 95467 95467 95467 95467 95467 95467 95467 95467 95467 95467 95467
93533 93533 93533 93533 93533 93533 93533 93958 93958 93958 93958 93958 93958 93958 93958 93958 95027 95027 95027 95027 95506 95506 95506 95506 95506 95506 95506 95506 95506 95506 95506 95506 95506 95506 95506 95506 95506 95506 95506 95506
88558 91328 91807 91917 91917 92227 93398 93398 93958 93958 93958 93958 93958 93958 93958 93958 94908 94908 94908 94908 94908 94908 94908 94908 94908 94908 94908 94908 94908 94908 94908 94908 94908 94908 94908 94908 94908 94908 94908 94908
84594 91698 92177 92177 92177 93522 93522 93522 93522 93522 93522 93522 93522 93522 93522 93947 93947 93947 93947 93947 93947 93947 93947 93947 93947 93947 93947 93947 93947 93947 93947 93947 93947 93947 93947 93947 93947 93947 93947 93947
90588 93373 93373 93373 95357 95357 95357 95357 95357 95357 95467 95467 95467 95467 95467 95467 95467 95467 95467 95467 95467 95467 95467 95467 95467 95467 95467 95467 95467 95467 95467 95467 95467 95467 95467 95467 95467 95467 95467 95467
92443 92443 92443 94908 94908 94908 94908 94908 94908 94908 94908 94908 94908 94908 94908 94908 94908 94908 94908 94908 94908 94908 94908 94908 94908 94908 94908 94908 94908 94908 94908 94908 94908 94908 94908 94908 94908 94908 94908 94908
88936 89748 89748 91768 93798 93947 93947 93947 93947 93947 94908 94908 94908 94908 94908 94908 94908 94908 94908 94908 94908 94908 94908 94908 94908 94908 94908 94908 94908 94908 94908 94908 94908 94908 94908 94908 94908 94908 94908 94908
91478 91478 91548 92298 92298 92298 92298 92298 92298 92298 93947 93947 93947 93947 93947 93958 93958 93958 93958 93958 93958 93958 93958 93958 93958 93958 93958 93958 93958 93958 93958 93958 93958 93958 93958 93958 93958 93958 93958 93958
87192 88878 91333 95357 95467 95467 95467 95467 95467 95467 95467 95517 95517 95517 95517 95517 95517 95517 95517 95517 95517 95517 95517 95517 95517 95517 95517 95517 95517 95517 95517 95517 95517 95517 95517 95517 95517 95517 95517 95517
83894 91012 91783 93468 94908 94908 94908 94908 94908 94908 94908 94908 94908 94908 94908 94908 94908 94908 94908 94908 94908 94908 94908 94908 94908 94908 94908 94908 94908 94908 94908 94908 94908 94908 94908 94908 94908 94908 94908 94908
89106 93533 93533 93533 93533 93533 93533 93533 93533 93533 93778 95467 95467 95467 95467 95467 95467 95467 95467 95467 95467 95467 95467 95467 95467 95467 95467 95467 95467 95467 95467 95467 95467 95467 95467 95467 95467 95467 95467 95467
85727 92038 92038 92978 92978 92978 93798 93798 93798 93798 93798 93798 93798 93958 93958 93958 93958 93958 93958 93958 93958 93958 93958 93958 93958 93958 93958 93958 93958 93958 93958 93958 93958 93958 93958 93958 93958 93958 93958 93958
80700 91188 94908 94908 94908 94908 94908 94908 94908 94908 94908 94908 94908 94908 94908 94908 94908 94908 94908 94908 94908 94908 94908 94908 94908 94908 94908 94908 94908 94908 94908 94908 94908 94908 94908 94908 94908 94908 94908 94908
90047 93767 93767 93767 93767 93767 93927 93927 93927 93927 93927 93927 93927 93927 93927 93927 93927 93927 93927 93927 93927 93927 93927 93927 93927 93927 93927 93927 93927 93927 93927 93927 93927 93927 93927 93927 93927 93927 93927 93927
90002 90002 93017 93533 93533 93533 93958 93958 93958 93958 95627 95627 95627 95627 95627 95627 95627 95627 95627 95627 95627 95627 95627 95627 95627 95627 95627 95627 95627 95627 95627 95627 95627 95627 95627 95627 95627 95627 95627 95627
93288 93798 93947 93947 93947 93947 93947 93947 94908 94908 94908 95627 95627 95627 95627 95627 95627 95627 95627 95627 95627 95627 95627 95627 95627 95627 95627 95627 95627 95627 95627 95627 95627 95627 95627 95627 95627 95627 95627 95627
85338 87153 91538 91638 91638 91907 91907 91907 92167 92387 92387 93767 93767 93767 93767 93767 93767 93767 93767 93767 93767 93767 93767 93767 93767 93767 93767 93767 93767 93767 93767 93767 93767 93767 93767 93767 93767 93767 93767 93767
93927 93927 93927 93927 93927 93927 93927 94908 94908 94908 94908 94908 94908 94908 94908 94908 94908 94908 94908 94908 94908 94908 94908 94908 94908 94908 94908 94908 94908 94908 94957 94957 94957 94957 94957 94957 94957 94957 94957 94957
80030 90852 93533 93533 93533 93533 93533 93533 93958 93958 93958 93958 93958 93958 93958 93958 93958 93958 93958 93958 93958 93958 93958 93958 93958 93958 93958 93958 93958 93958 93958 93958 93958 93958 93958 93958 93958 93958 93958 93958
89917 93798 94908 94908 94908 94908 94908 94908 94908 94908 94908 94908 94908 94908 94908 94908 94908 94908 94908 94908 94908 94908 94908 94908 94908 94908 94908 94908 94908 94908 94908 94908 94908 94908 94908 94908 94908 94908 94908 94908
84697 92868 92868 92868 92868 92868 92868 92868 92868 92868 92868 92868 92868 92868 92868 92868 92868 92868 92868 92868 92868 92868 92868 92868 92868 92868 92868 92868 92868 92868 92868 92868 92868 92868 92868 92868 92868 92868 92868 92868
83524 86255 87875 87985 87985 87985 87985 89633 89633 90083 90083 90083 90823 90823 90823 90823 90823 91287 91287 91287 91287 91287 91287 91287 91627 91627 92138 92138 92138 92138 92138 92148 92148 92148 92148 92148 92148 92148 92148 92148
90277 92198 94847 94847 95357 95357 95357 95357 95517 95517 95517 95517 95517 95517 95517 95517 95517 95517 95517 95517 95517 95517 95517 95517 95517 95517 95517 95517 95517 95517 95517 95517 95517 95517 95517 95517 95517 95517 95517 95517
88277 91518 92067 93522 93522 93522 93522 93522 93522 93522 93522 93522 93522 93522 93522 93522 93947 93947 93947 93947 93947 93947 93947 93947 93947 93947 93947 93947 95517 95517 95517 95517 95517 95517 95517 95517 95517 95517 95517 95517
85451 91818 91818 91928 92618 93138 93138 93138 93138 93138 93138 93138 93138 93138 93138 93138 93138 93138 93138 93138 93138 93138 93138 93138 93138 93138 93138 93138 93138 93138 93138 93138 93138 93138 93138 93138 93138 95106 95106 95106
91793 91793 93778 93958 93958 93958 93958 93958 93958 93958 93958 93958 93958 93958 93958 93958 93958 93958 93958 93958 93958 93958 93958 93958 93958 93958 93958 93958 93958 93958 93958 93958 93958 93958 93958 93958 93958 93958 93958 93958
83275 93168 93168 93278 93278 93278 93278 93278 93278 93278 93278 93278 93278 93278 93278 93278 93278 93278 93278 93278 93278 93278 93278 93278 93278 93278 93278 93278 93278 93278 93278 93278 93278 93278 93278 93278 93947 93947 93947 93947

GA2 Results:
86805 87200 87200 87200 93138 93138 93138 93138 93138 93138 93138 93138 93138 93138 93138 93138 93138 93138 93138 93138 93138 93138 93138 93138 93138 93138 93138 93138 93138 93138 93138 93138 93138 93138 93138 93138 93138 93138 93138 93138
88078 92177 92177 92177 92177 92177 92177 92177 92177 92177 92177 92177 92177 92177 92177 92177 92177 92177 92177 92177 92177 92177 92177 92177 92177 92177 92177 92177 92177 92177 92177 92177 92177 92177 92177 92177 92177 92177 92177 92177
84825 92137 92297 92457 92457 92457 92457 93278 93278 93278 93278 93278 93278 93278 93278 93278 93278 93278 93278 93278 93278 93278 93278 93278 95616 95616 95616 95627 95627 95627 95627 95627 95627 95627 95627 95627 95627 95627 95627 95627
85830 92297 92468 92468 92468 92468 92468 92468 92468 92468 92468 92468 92468 92468 92468 92468 92468 92468 92468 92468 92468 92768 93278 93278 93278 93278 93278 93278 93278 93278 93278 93278 93278 93278 93278 93278 93278 93278 93278 93278
82144 86239 86805 86805 86875 86985 87435 87595 87985 87985 93958 93958 93958 93958 93958 93958 93958 93958 93958 93958 93958 93958 93958 93958 93958 93958 93958 94908 94908 94908 94908 94908 94908 94908 94908 94908 94908 94908 94908 94908
84174 86239 87985 87985 88005 88005 92177 92177 93127 93127 93127 93138 93947 93947 93947 93958 93958 93958 93958 93958 93958 93958 93958 93958 93958 93958 93958 93958 93958 93958 93958 93958 93958 93958 93958 93958 93958 93958 93958 93958
80081 80120 84729 84979 86239 87430 87500 88005 88005 91342 91917 92177 92177 92177 92177 92177 92177 92177 92177 92177 92177 92177 92177 92177 92177 92177 92177 92177 92177 92177 92177 92177 92177 92177 92177 92177 92177 92177 92177 92177
80984 86105 90267 92028 92177 93127 93127 93127 93138 93138 93138 93533 93533 93533 93533 93533 93533 93958 93958 93958 93958 93958 93958 93958 93958 93958 93958 93958 93958 93958 93958 93958 93958 93958 93958 93958 93958 93958 93958 93958
83140 88428 92447 92447 92447 92447 92447 92447 92447 92447 92447 92457 95616 95627 95627 95627 95627 95627 95627 95627 95627 95627 95627 95627 95627 95627 95627 95627 95627 95627 95627 95627 95627 95627 95627 95627 95627 95627 95627 95627
81709 90522 91093 92292 92292 92292 92303 93122 93533 93533 93533 93533 93533 93533 93958 93958 93958 93958 93958 93958 93958 93958 93958 93958 93958 94908 94908 94908 94908 94908 94908 94908 94908 94908 94908 94908 94908 94908 94908 94908
91768 91768 91768 93947 94908 94908 94908 94908 94908 94908 94908 94908 94908 94908 94908 94908 94908 94908 94908 94908 94908 94908 94908 94908 94908 94908 94908 94908 94908 94908 94908 94908 94908 94908 94908 94908 94908 94908 94908 94908
85562 89358 89358 93278 93278 93278 93278 93278 93278 93278 93278 93278 93278 93278 95627 95627 95627 95627 95627 95627 95627 95627 95627 95627 95627 95627 95627 95627 95627 95627 95627 95627 95627 95627 95627 95627 95627 95627 95627 95627
83225 85094 86864 92177 92177 92177 92177 92177 92177 92177 92177 92177 92177 92177 92177 92177 92177 92177 92177 92177 92177 92177 92177 92177 92177 92177 92177 92177 92177 92177 92177 92177 92177 92177 92177 92177 92177 92177 92177 92177
82364 89587 89592 91782 93127 93958 93958 93958 93958 93958 93958 93958 93958 93958 93958 93958 94908 94908 94908 94908 94908 94908 94908 94908 94908 94908 94908 94908 94908 94908 94908 94908 94908 94908 94908 94908 94908 94908 94908 94908
74993 84209 87075 87985 91787 92238 92238 92238 92387 92387 92387 92387 92387 92387 92387 92387 93947 93947 93947 93958 93958 93958 93958 93958 93958 93958 93958 93958 93958 93958 93958 93958 93958 93958 93958 93958 93958 93958 93958 93958
84519 85414 86825 92143 92177 93127 93127 93138 93138 93138 93138 93138 93138 93958 93958 93958 93958 93958 93958 93958 93958 93958 93958 93958 93958 93958 93958 93958 93958 93958 93958 93958 93958 93958 93958 93958 93958 93958 93958 93958
81079 91797 92303 92303 92303 93138 93138 93138 93138 93138 93138 93138 93138 93138 93138 93138 93138 93138 93138 93138 93138 93138 93138 93138 93138 93138 93138 93138 93138 93138 93138 93138 93138 93138 93138 93138 93138 93138 93138 93138
90667 93028 93138 93138 93138 93138 93138 93138 93138 93138 93533 93533 93533 93958 93958 93958 93958 93958 93958 93958 93958 93958 93958 93958 93958 93958 93958 93958 93958 93958 93958 93958 93958 93958 93958 93958 93958 93958 93958 93958
86974 90112 93127 93798 93798 93798 93798 93798 94908 94908 94908 94908 94908 94908 94908 94908 94908 94908 94908 94908 94908 94908 94908 94908 94908 94908 94908 94908 94908 94908 94908 94908 94908 94908 94908 94908 94908 94908 94908 94908
89778 91493 92138 92148 92287 92287 92287 92287 92287 92287 92287 93268 93268 93268 93268 93268 93268 93268 93268 93268 93268 93268 93268 93268 93268 93268 93268 93268 93268 93268 93268 93268 93268 93268 93268 93268 93268 93268 93268 93268
81990 85040 86239 93278 93278 93278 93278 93278 93278 93278 93278 93278 93278 93278 93278 93278 93278 93278 93278 93278 93278 93278 93278 93278 93278 93278 93278 93278 93278 93278 93278 93278 93278 93278 93278 93278 93278 93278 93278 93278
79888 86968 88633 92148 93278 93278 93278 93278 93278 93278 93278 93278 93278 93278 93278 93278 93278 93278 93278 93278 93278 93278 93278 93278 93278 93278 93278 93278 93278 93278 93278 93278 93278 93278 93278 93278 93278 93278 93278 93278
82359 85979 86239 86239 86239 86239 86239 86239 86239 86239 87229 87229 87229 92297 93278 93278 93278 93278 93278 93278 93278 93278 93278 93278 93278 93278 93278 93278 93278 93278 93278 93278 93278 93278 93278 93278 93278 93278 93278 93278
91918 91918 92177 92177 92177 92177 92177 92177 92177 92177 92177 92177 92177 92177 92177 92177 92177 92177 92177 92297 92297 92297 92297 92297 92297 92297 92297 92297 92297 92297 92297 92297 92297 92297 92297 92297 92297 92297 92297 92297
80389 85189 92177 92177 92177 92177 92177 92177 92177 92177 92177 92177 93138 93798 93958 93958 93958 93958 93958 93958 93958 93958 93958 93958 93958 93958 93958 93958 93958 93958 93958 93958 93958 93958 93958 93958 93958 93958 93958 93958
88078 91518 92177 92297 92297 92297 92297 92297 92297 93278 93278 93278 93278 93278 93278 93278 93278 93278 93278 93278 93278 93278 93278 93278 93278 93278 93278 93278 93278 93278 93278 93278 93278 93278 93278 93278 93278 93278 93278 93278
88187 91342 92177 92177 92177 92177 92177 92177 92177 92177 92177 92177 92177 92177 92177 92177 92177 92177 92177 92177 92177 92177 92177 92177 92177 92177 92177 92177 92177 92177 92177 92177 92177 92177 92177 92177 92177 92177 92177 92177
84760 90837 91017 92303 92303 93138 93138 93533 93958 93958 93958 93958 93958 93958 93958 93958 93958 93958 93958 93958 93958 93958 93958 93958 93958 93958 93958 93958 93958 93958 93958 93958 93958 93958 93958 93958 93958 93958 93958 93958
89447 91768 92167 93958 93958 93958 93958 93958 93958 93958 93958 93958 93958 93958 93958 93958 93958 93958 93958 93958 93958 93958 93958 93958 93958 93958 93958 93958 93958 93958 93958 93958 93958 93958 93958 93958 93958 93958 93958 93958
87202 88975 89618 89618 91342 91342 91917 92177 92177 92177 92177 92177 92177 92177 92177 92177 92177 92177 92177 92177 92177 92177 92177 92177 92177 92177 92177 92177 92177 92177 92177 92177 92177 92177 92177 92177 92177 92177 92177 92177

BPSO3 Results:
87323 91026 91082 91082 92182 92182 93127 93127 93127 93127 93127 93373 93373 93373 93373 93373 93373 93373 93373 93373 93373 93373 93373 93373 93373 93373 93373 93373 93373 93373 93373 93373 93373 93373 93373 93373 93373 93373 93373 93373
73885 91167 91167 91287 91287 93468 93468 93468 94908 94908 94908 94908 94908 94908 94908 94908 94908 94908 94908 94908 94908 94908 94908 94908 94908 94908 94908 94908 94908 94908 94908 94908 94908 94908 94908 94908 94908 94908 94908 94908
82985 92643 93767 93767 93767 93767 93767 93767 93767 93767 94908 94908 94908 94908 94908 94908 95027 95027 95027 95027 95027 95027 95027 95027 95027 95137 95137 95137 95137 95137 95137 95137 95137 95137 95137 95137 95137 95137 95137 95137
87142 89465 92457 92457 92457 92457 92457 92457 92457 94627 94627 94627 94627 94627 94627 94627 94627 94627 94627 94627 94627 94627 94627 94627 94627 94627 94627 94627 94627 94627 94627 94627 94627 94627 94627 94627 94627 94627 94627 94627
89908 89908 91617 91617 91617 92628 92628 92628 92628 92628 92628 92628 92628 92628 92628 92628 92628 92628 92628 92628 92628 92628 92628 92628 92628 92628 92628 92628 92628 92628 92628 92628 92628 92628 92628 92628 92628 92628 92628 92628
84128 86403 93012 93012 93012 93448 93448 93448 93448 93448 93448 93448 93448 93448 93448 93448 93448 93448 93448 93448 93448 94908 94908 94908 94908 94908 94908 94908 94908 94908 94908 94908 94908 94908 94908 94908 94908 94908 94908 94908
80369 89557 89557 93288 93288 93288 93288 93288 93288 93288 93288 93288 93288 93288 93767 93767 93767 93767 93767 93767 93767 93767 93767 93767 93767 93767 93767 93767 93767 93767 93767 93767 93767 93767 93767 93767 93767 93767 93767 93767
84945 88703 88703 92628 92628 93798 94908 94908 94908 94908 94908 94908 94908 94908 94908 94908 94908 94908 94908 94908 94908 94908 94908 94908 94908 94908 94908 94908 94908 94908 94908 94908 94908 94908 94908 94908 94908 94908 94908 94908
84408 89243 90677 90708 92617 92617 93127 93127 93127 93127 93127 93127 93127 93127 93127 93127 93127 93127 93127 93127 93127 93127 93127 93127 93127 93127 93127 93127 93127 93127 93127 93127 93127 93127 93127 93127 93127 93127 93127 93127
79712 87598 87598 91218 91218 91818 92457 92457 92457 92457 92457 92457 92658 92658 93927 93927 93927 93927 93927 93927 93927 93927 93927 93927 93927 93927 93927 93927 93927 93927 93927 93927 93927 93927 93927 93927 93927 93927 93927 93927
84268 85979 88337 92658 92658 92658 92658 92658 92658 92658 92658 92658 92658 93268 93268 93268 93268 93268 93268 93268 93268 93268 93268 93268 93268 93268 93268 93268 93268 93268 93268 93268 93268 93268 93268 93268 93268 93268 93268 93268
84056 88658 88658 91177 91177 91971 91971 93028 93028 93468 93468 93468 93468 93468 93468 93468 93468 93468 93468 93468 93468 93468 93468 93468 93468 93468 93468 93468 93468 93468 93468 93468 93468 93468 93468 93468 93468 93468 93468 93468
83338 85802 90358 90358 90857 92978 92978 92978 92978 92978 92978 92978 93127 93127 93127 93127 93127 93127 93127 93127 93127 93127 93127 93127 93127 93127 93127 93127 93127 93127 93127 93127 93127 93127 93127 93127 93127 93127 93127 93127
73436 89397 90557 90557 90557 91518 91628 91628 91628 93798 93798 93798 93798 93798 93798 93798 93798 93798 93798 93798 93798 93798 93798 93798 93798 93798 93798 93798 93798 93798 93798 93798 93798 93798 93798 93798 93798 93798 93798 93798
79557 83727 86319 92538 92538 92538 92868 92868 92958 92958 95517 95517 95517 95517 95517 95517 95517 95517 95517 95517 95517 95517 95517 95517 95517 95517 95517 95517 95517 95517 95517 95517 95517 95517 95517 95517 95517 95517 95517 95517
79718 86804 89517 95616 95616 95616 95616 95616 95616 95616 95616 95616 95616 95616 95616 95616 95616 95616 95616 95616 95616 95616 95616 95616 95616 95616 95616 95616 95616 95616 95616 95616 95616 95616 95616 95616 95616 95616 95616 95616
88656 88876 92658 92658 92658 92658 93168 93168 93168 93168 93168 93168 93168 93168 95506 95616 95616 95616 95616 95616 95616 95616 95616 95616 95616 95616 95616 95616 95616 95616 95616 95616 95616 95616 95616 95616 95616 95616 95616 95616
80438 83650 88988 89868 93138 93138 93138 93138 93138 93138 93138 93138 93138 93138 93138 93138 93138 93138 93138 93138 93138 93138 93138 93138 93138 93138 93138 93138 93138 93138 93138 93138 93138 93138 93138 93138 93798 93798 93798 93798
87122 87397 91302 91302 91688 91688 91688 92167 92167 92167 92167 92167 92167 92167 92177 92177 92177 92177 92177 92177 92387 92387 92533 92533 92533 92533 92533 92533 93437 93437 93437 93437 93437 93437 93437 93437 93437 93437 93437 93437
71998 88518 90412 90412 90978 92868 93767 93767 93767 93767 93767 93767 93767 93767 93767 94908 94908 94908 94908 94908 94908 94908 94908 94908 94908 94908 94908 94908 94908 94908 94908 94908 94908 94908 94908 94908 94908 94908 94908 94908
80969 87407 91175 91938 92443 92443 92443 92443 92868 92868 92868 92868 92868 92868 92868 92868 92868 92868 92868 92868 92868 92868 92868 92868 92868 92868 92868 92868 92868 92868 92868 92868 92868 92868 92868 92868 92868 92868 92868 92868
88308 93017 93017 93017 93017 93017 93017 93017 93188 93188 93188 93188 93188 95117 95117 95117 95117 95117 95117 95117 95117 95137 95137 95137 95137 95137 95137 95137 95137 95467 95467 95467 95467 95467 95467 95467 95467 95467 95467 95467
89598 89598 89598 90798 91628 91698 91847 91847 94908 94908 94908 94908 94908 94908 94908 94908 94908 94908 94908 94908 94908 94908 94908 94908 94908 94908 94908 94908 94908 94908 94908 94908 94908 94908 94908 94908 94908 94908 94908 94908
83993 84293 88313 89978 91813 91818 92156 95117 95117 95117 95117 95627 95627 95627 95627 95627 95627 95627 95627 95627 95627 95627 95627 95627 95627 95627 95627 95627 95627 95627 95627 95627 95627 95627 95627 95627 95627 95627 95627 95627
80815 84600 91218 91218 91218 91658 91658 91658 92973 93268 93268 93268 93268 93268 93268 93268 93268 93268 93268 93268 93268 93268 93268 93268 93268 93268 93268 93268 93268 93268 93268 93268 93268 93268 93268 93268 93268 93268 93268 93268
83422 88123 90187 90187 90187 90187 91397 91397 92768 92768 92768 92768 92768 92768 92768 92768 92768 92768 92768 92768 92768 95506 95506 95506 95506 95506 95506 95506 95506 95506 95506 95506 95506 95506 95506 95506 95506 95506 95506 95506
82183 83018 90338 90338 90338 90862 91897 91897 91897 91897 91897 91897 93927 93927 93927 93927 93927 93927 93947 93947 93947 93947 93947 93947 93947 93947 93947 93947 93947 93947 93947 93947 93947 93947 93947 93947 93947 93947 93947 93947
82162 87918 91868 91868 91868 93958 93958 93958 93958 93958 93958 93958 93958 93958 93958 93958 93958 93958 93958 93958 93958 93958 93958 93958 93958 93958 93958 93958 93958 93958 93958 93958 93958 93958 93958 93958 93958 93958 93958 93958
79829 90472 90472 90472 90472 90472 90511 91248 91248 91248 91887 91887 91887 91887 91887 91887 91887 92092 92092 92092 92092 92092 92092 92092 92092 92092 92092 92092 92092 92092 92092 95106 95106 95106 95106 95106 95106 95106 95106 95106
85612 89238 93288 95357 95357 95357 95357 95357 95357 95357 95357 95357 95357 95357 95357 95357 95357 95357 95357 95357 95357 95357 95357 95357 95357 95357 95357 95357 95357 95357 95357 95357 95357 95357 95357 95357 95357 95357 95357 95357

GA3 Results:
89583 91298 93122 93533 93958 93958 93958 93958 93958 93958 95517 95517 95517 95517 95517 95517 95517 95517 95517 95517 95627 95627 95627 95627 95627 95627 95627 95627 95627 95627 95627 95627 95627 95627 95627 95627 95627 95627 95627 95627
87633 93533 93533 93533 93958 93958 93958 93958 93958 93958 93958 93958 93958 93958 93958 93958 93958 94908 94908 94908 94908 94908 94908 94908 94908 94908 94908 94908 94908 94908 94908 94908 94908 94908 94908 94908 94908 94908 94908 94908
87333 90258 93518 93518 93798 93958 93958 93958 93958 93958 93958 93958 93958 93958 93958 93958 93958 93958 93958 93958 93958 93958 93958 93958 93958 93958 93958 93958 93958 93958 94908 94908 94908 94908 94908 94908 94908 94908 94908 94908
89067 92292 92292 92292 92643 93133 93533 93533 93533 93533 93958 93958 93958 93958 93958 93958 93958 93958 93958 93958 93958 93958 93958 93958 93958 93958 93958 93958 93958 93958 93958 93958 93958 93958 94908 94908 94908 94908 94908 94908
81278 86165 91193 92358 93468 93798 93947 93958 93958 93958 93958 93958 93958 93958 93958 93958 93958 93958 93958 93958 93958 93958 93958 93958 93958 93958 93958 93958 93958 93958 93958 93958 93958 93958 94908 94908 94908 94908 94908 94908
82515 89033 93468 93958 93958 93958 93958 93958 93958 93958 93958 93958 93958 93958 93958 93958 93958 93958 93958 93958 93958 93958 93958 93958 93958 93958 93958 93958 93958 93958 93958 93958 93958 93958 93958 94908 94908 94908 94908 94908
92628 93133 93133 93522 93778 94908 94908 94908 94908 94908 94908 94908 94908 94908 94908 94908 94908 94908 94908 94908 94908 94908 94908 94908 94908 94908 94908 94908 94908 94908 94908 94908 94908 94908 94908 94908 94908 94908 94908 94908
84175 91638 94908 94908 94908 94908 94908 94908 94908 94908 94908 94908 94908 94908 94908 94908 94908 94908 94908 94908 94908 94908 94908 94908 94908 94908 94908 94908 94908 94908 94908 94908 94908 94908 94908 94908 94908 94908 94908 94908
90327 92128 93798 94908 94908 94908 94908 94908 94908 94908 94908 94908 94908 94908 94908 94908 94908 94908 94908 94908 94908 94908 94908 94908 94908 94908 94908 94908 94908 94908 94908 94908 94908 94908 94908 94908 94908 94908 94908 94908
85453 91293 92458 92458 93437 93947 93947 93958 93958 93958 93958 93958 93958 93958 93958 94908 94908 94908 94908 94908 94908 94908 94908 94908 94908 94908 94908 94908 94908 94908 94908 94908 94908 94908 94908 94908 94908 94908 94908 94908
91888 92978 92978 93127 93168 95357 95357 95357 95357 95357 95357 95357 95517 95627 95627 95627 95627 95627 95627 95627 95627 95627 95627 95627 95627 95627 95627 95627 95627 95627 95627 95627 95627 95627 95627 95627 95627 95627 95677 95677
85173 92458 92458 92868 92868 93268 93268 93268 93268 93268 93268 93268 93268 93268 93268 93268 93278 93278 93278 93278 93278 93278 93278 93278 93278 93278 93278 93278 93278 93278 93278 93278 93278 93278 93278 93278 93278 93278 93278 93278
89217 90947 92143 92182 92182 92292 92292 93117 93128 93128 93128 93128 93128 93128 93128 93958 93958 93958 93958 93958 93958 93958 93958 93958 93958 93958 93958 93958 94908 94908 94908 94908 94908 94908 94908 94908 94908 94908 94908 94908
81684 91727 91727 92347 92457 92457 92468 92468 92468 92468 92468 92468 92468 92468 92468 92468 92658 92658 92658 92658 92658 92768 93278 93278 93278 93278 93278 93278 93278 93278 93278 93278 93278 93278 93278 93278 93278 93278 93278 93278
81447 90336 91557 92067 92067 93947 93947 93947 93947 93947 93958 93958 93958 93958 93958 94908 94908 94908 94908 94908 94908 94908 94908 94908 94908 94908 94908 94908 94908 94908 94908 94908 94908 94908 94908 94908 94908 94908 94908 94908
75082 88986 89667 93133 93133 93533 93533 93533 93533 93533 93533 93533 93533 93533 93958 93958 93958 93958 93958 94908 94908 94908 94908 94908 94908 94908 94908 94908 94908 94908 94908 94908 94908 94908 94908 94908 94908 94908 94908 94908
85729 87974 93398 93518 93958 93958 93958 93958 93958 94908 94908 94908 94908 94908 94908 94908 94908 94908 94908 94908 94908 94908 94908 94908 94908 94908 94908 94908 94908 94908 94908 94908 94908 94908 94908 94908 94908 94908 94908 94908
86794 90972 92358 94908 94908 94908 94908 94908 94908 94908 94908 94908 94908 94908 94908 94908 94908 94908 94908 94908 94908 94908 94908 94908 94908 94908 94908 94908 94908 94908 94908 94908 94908 94908 94908 94908 94908 94908 94908 94908
91352 91352 93767 93767 93767 93767 93798 93798 94908 94908 94908 94908 94908 94908 94908 94908 94908 94908 94908 94908 94908 94908 94908 94908 94908 94908 94908 94908 94908 94908 94908 94908 94908 94908 94908 94908 94908 94908 94908 94908
89238 93288 93958 93958 93958 93958 93958 93958 93958 94908 94908 94908 94908 94908 94908 94908 94908 94908 94908 94908 94908 94908 94908 94908 94908 94908 94908 94908 94908 94908 94908 94908 94908 94908 94908 94908 94908 94908 94908 94908
87132 92282 94908 94908 94908 94908 94908 94908 94908 94908 94908 94908 94908 94908 94908 94908 94908 94908 94908 94908 94908 94908 94908 94908 94908 94908 94908 94908 94908 94908 94908 94908 94908 94908 94908 94908 94908 94908 94908 94908
77841 91342 91658 93017 93017 93017 93017 93017 93028 93188 93188 93188 93188 93188 94908 94908 94908 94908 94908 94908 94908 94908 94908 94908 94908 94908 94908 94908 94908 94908 94908 94908 94908 94908 94908 94908 94908 94908 94908 94908
90483 90808 94908 94908 94908 94908 94908 94908 94908 94908 94908 94908 94908 94908 94908 94908 94908 94908 94908 94908 94908 94908 94908 94908 94908 94908 94908 94908 94908 94908 94908 94908 94908 94908 94908 94908 94908 94908 94908 94908
80815 92128 95506 95506 95506 95506 95506 95506 95616 95616 95616 95627 95627 95627 95627 95627 95627 95627 95627 95627 95627 95627 95627 95627 95627 95627 95627 95627 95627 95627 95627 95627 95627 95627 95627 95627 95627 95627 95627 95627
84032 90973 93133 93958 93958 93958 93958 93958 93958 93958 93958 93958 93958 93958 93958 93958 93958 93958 93958 93958 93958 93958 93958 93958 94908 94908 94908 94908 94908 94908 94908 94908 94908 94908 94908 94908 94908 94908 94908 94908
90993 93168 93278 93278 93278 93278 93278 93278 93278 93278 93278 93278 93278 93278 93278 93278 93278 93278 93278 93278 93278 93278 93278 93278 93278 93278 93278 93278 93278 93278 93278 93278 93278 93278 93278 93278 93278 93278 93278 93278
85338 89517 91897 94517 94517 94996 94996 95027 95506 95506 95627 95627 95627 95627 95627 95627 95627 95627 95627 95627 95627 95627 95627 95627 95627 95627 95627 95627 95627 95627 95627 95627 95627 95627 95627 95627 95627 95627 95627 95627
83872 90802 91538 95517 95627 95627 95627 95627 95627 95627 95627 95627 95627 95627 95627 95627 95627 95627 95627 95627 95627 95627 95627 95627 95627 95627 95627 95627 95627 95627 95627 95627 95627 95627 95627 95627 95627 95627 95627 95627
88123 91768 92958 93533 93533 93958 93958 93958 93958 93958 93958 93958 93958 93958 93958 93958 93958 93958 93958 93958 93958 93958 93958 93958 93958 94908 94908 94908 94908 94908 94908 94908 94908 94908 94908 94908 94908 94908 94908 94908
83917 92358 93188 93188 93188 93468 93468 93468 93958 94908 94908 94908 94908 94908 94908 94908 94908 94908 94908 94908 94908 94908 94908 94908 94908 94908 94908 94908 94908 94908 94908 94908 94908 94908 94908 94908 94908 94908 94908 94908

