MKP1 Results:
BPSO1 Results:
139273 140443 140443 140443 140443 140443 140443 140443 140443 140443 140443 140443 140443 140443 140443 140443 140443 140443 140443 140988 140988 140988 140988 140988 140988 140988 140988 140988 140988 140988 140988 140988 140988 140988 140988 140988 140988 140988 140988 140988
136608 139658 140302 140412 141137 141137 141137 141137 141247 141247 141247 141247 141247 141247 141247 141247 141247 141247 141247 141247 141247 141247 141247 141247 141247 141247 141247 141247 141247 141247 141247 141247 141247 141278 141278 141278 141278 141278 141278 141278
137937 140317 140443 140443 140443 140443 140443 141278 141278 141278 141278 141278 141278 141278 141278 141278 141278 141278 141278 141278 141278 141278 141278 141278 141278 141278 141278 141278 141278 141278 141278 141278 141278 141278 141278 141278 141278 141278 141278 141278
139538 140378 140378 140538 140538 140538 140538 140538 140538 140538 140538 140538 140538 140538 140538 140538 140538 140538 140538 140538 140538 140538 140538 140538 140538 140538 140538 140538 140538 140538 140538 140538 140538 140538 140538 140538 140538 140538 140538 140538
138908 141278 141278 141278 141278 141278 141278 141278 141278 141278 141278 141278 141278 141278 141278 141278 141278 141278 141278 141278 141278 141278 141278 141278 141278 141278 141278 141278 141278 141278 141278 141278 141278 141278 141278 141278 141278 141278 141278 141278
136621 139713 140168 140328 140328 140538 140786 140786 141148 141278 141278 141278 141278 141278 141278 141278 141278 141278 141278 141278 141278 141278 141278 141278 141278 141278 141278 141278 141278 141278 141278 141278 141278 141278 141278 141278 141278 141278 141278 141278
138927 138927 140037 141137 141137 141247 141247 141247 141247 141247 141247 141247 141247 141247 141247 141247 141247 141247 141247 141247 141247 141247 141247 141247 141247 141247 141247 141247 141247 141247 141247 141247 141247 141247 141247 141247 141247 141247 141247 141247
136017 139148 139302 140022 140053 140053 140053 140143 140668 140778 140778 140778 140778 140778 140778 140778 140778 140778 140778 140778 140778 140778 140778 140778 140778 140778 140778 140778 140778 140778 140778 140778 140778 140778 140778 140778 140778 140778 140778 140778
139163 139273 140778 140778 140778 140778 140778 140778 140778 140778 140778 140778 140778 140778 140778 140778 140778 140778 140778 140778 140778 140778 140778 140778 140778 140778 140778 140778 140778 140778 140778 140778 140778 140778 140778 140778 140778 140988 140988 140988
139048 139558 140383 140383 140383 140532 140532 141168 141168 141168 141168 141168 141168 141168 141168 141168 141168 141168 141168 141168 141168 141168 141168 141168 141168 141168 141168 141168 141168 141168 141168 141168 141168 141168 141168 141168 141168 141168 141168 141168
138048 138823 139792 139972 139972 139972 139972 139972 139972 140477 140477 140768 140768 140768 140768 140768 140768 140768 140768 140768 140768 140768 141258 141258 141258 141258 141258 141258 141258 141258 141258 141258 141258 141258 141258 141258 141258 141258 141258 141258
137063 140187 140187 140207 140207 140317 140317 140407 140407 140407 140407 140407 140407 140407 140407 140407 140407 140407 140407 140407 140407 140407 140407 140407 140407 141137 141137 141137 141137 141137 141137 141137 141137 141137 141137 141137 141137 141137 141137 141137
137682 140527 140527 140527 140538 140538 140538 140538 140538 140538 140538 140538 140538 140538 140538 140538 140538 140538 140538 140786 140786 140786 140786 140786 140786 140786 140786 140786 140786 140786 140786 140786 140786 140786 140786 140786 140786 140786 140786 140786
136700 138820 140778 140778 140778 141258 141258 141258 141258 141258 141258 141278 141278 141278 141278 141278 141278 141278 141278 141278 141278 141278 141278 141278 141278 141278 141278 141278 141278 141278 141278 141278 141278 141278 141278 141278 141278 141278 141278 141278
138506 139673 139673 139673 139673 139888 139938 139938 139938 140367 140367 140367 140367 140367 140786 140786 140786 140786 140786 140786 140786 140786 140786 140786 140786 140786 140786 140786 140786 140786 140786 140786 140786 140786 140786 140786 140786 140786 140786 140786
139987 140477 140477 140477 140477 140618 140618 140618 140618 140618 140618 140618 140618 140618 140618 140618 140618 140618 140618 140618 140618 140618 140618 140618 140618 140618 140618 140618 140618 140618 140618 140618 140618 140618 140618 140618 140618 140618 140618 140618
139482 140053 140053 140053 140618 141278 141278 141278 141278 141278 141278 141278 141278 141278 141278 141278 141278 141278 141278 141278 141278 141278 141278 141278 141278 141278 141278 141278 141278 141278 141278 141278 141278 141278 141278 141278 141278 141278 141278 141278
139286 139838 139838 140328 140328 140328 141168 141278 141278 141278 141278 141278 141278 141278 141278 141278 141278 141278 141278 141278 141278 141278 141278 141278 141278 141278 141278 141278 141278 141278 141278 141278 141278 141278 141278 141278 141278 141278 141278 141278
136716 138781 138781 138941 140477 140477 140477 140477 140477 141258 141258 141258 141258 141258 141258 141258 141258 141258 141258 141258 141258 141258 141258 141258 141258 141258 141258 141258 141258 141258 141258 141258 141258 141258 141258 141258 141258 141258 141258 141258
137978 138938 140508 140618 140618 140618 141258 141258 141258 141258 141278 141278 141278 141278 141278 141278 141278 141278 141278 141278 141278 141278 141278 141278 141278 141278 141278 141278 141278 141278 141278 141278 141278 141278 141278 141278 141278 141278 141278 141278
136618 138283 139998 140458 140458 140458 140458 140568 140568 140568 140568 140568 140618 140988 140988 140988 140988 140988 140988 140988 140988 140988 140988 140988 140988 140988 140988 140988 140988 141148 141148 141148 141148 141148 141148 141148 141148 141148 141148 141148
138022 141098 141247 141258 141258 141258 141258 141258 141258 141258 141258 141258 141258 141258 141258 141258 141258 141258 141258 141258 141258 141258 141258 141258 141258 141258 141258 141258 141258 141258 141258 141258 141258 141258 141258 141258 141258 141258 141258 141258
137888 139448 140508 140543 140543 140543 141258 141258 141258 141258 141258 141258 141258 141258 141258 141258 141258 141258 141258 141258 141258 141258 141258 141258 141258 141258 141258 141258 141258 141258 141258 141258 141258 141258 141258 141258 141258 141258 141258 141258
138228 138718 139838 139987 140108 140128 140128 140128 141168 141258 141258 141258 141258 141258 141258 141258 141258 141258 141258 141258 141258 141258 141258 141258 141258 141258 141258 141258 141258 141258 141258 141258 141258 141258 141258 141258 141258 141258 141258 141258
136901 138813 140618 141258 141258 141258 141258 141258 141258 141258 141258 141258 141258 141258 141258 141258 141258 141258 141258 141258 141258 141258 141258 141258 141258 141258 141258 141258 141258 141258 141258 141258 141258 141258 141258 141258 141258 141258 141258 141258
137896 138893 140768 141098 141247 141278 141278 141278 141278 141278 141278 141278 141278 141278 141278 141278 141278 141278 141278 141278 141278 141278 141278 141278 141278 141278 141278 141278 141278 141278 141278 141278 141278 141278 141278 141278 141278 141278 141278 141278
139446 139807 140048 140668 140668 140668 140668 140668 140668 140668 140668 140778 140778 140778 140778 140778 140778 140778 140778 140778 140778 140778 140778 140778 140778 140778 140778 140778 140778 140778 140778 140778 140778 140778 140778 140778 140778 140778 140778 140778
138907 141098 141247 141247 141247 141247 141247 141247 141247 141247 141247 141247 141247 141247 141247 141258 141258 141258 141258 141258 141258 141258 141258 141258 141258 141258 141258 141258 141258 141258 141258 141258 141258 141258 141258 141258 141258 141258 141258 141258
135387 138357 139907 140412 140412 140412 140412 141137 141137 141137 141137 141137 141148 141148 141148 141148 141148 141148 141148 141148 141148 141148 141148 141148 141148 141148 141148 141148 141148 141148 141148 141148 141148 141148 141148 141148 141148 141148 141148 141148
138053 139648 139648 140778 140778 140778 140778 140778 140778 140778 140778 140778 140778 140988 141137 141137 141137 141137 141137 141137 141137 141137 141137 141137 141137 141137 141137 141137 141137 141137 141137 141137 141137 141137 141258 141258 141258 141258 141258 141258

GA1 Results:
138907 140297 140297 140668 140668 141258 141258 141258 141258 141278 141278 141278 141278 141278 141278 141278 141278 141278 141278 141278 141278 141278 141278 141278 141278 141278 141278 141278 141278 141278 141278 141278 141278 141278 141278 141278 141278 141278 141278 141278
137902 139412 140607 140778 140778 140778 140778 141258 141258 141258 141278 141278 141278 141278 141278 141278 141278 141278 141278 141278 141278 141278 141278 141278 141278 141278 141278 141278 141278 141278 141278 141278 141278 141278 141278 141278 141278 141278 141278 141278
139488 139878 140527 140668 141247 141247 141247 141258 141258 141258 141258 141278 141278 141278 141278 141278 141278 141278 141278 141278 141278 141278 141278 141278 141278 141278 141278 141278 141278 141278 141278 141278 141278 141278 141278 141278 141278 141278 141278 141278
139037 139687 141247 141247 141278 141278 141278 141278 141278 141278 141278 141278 141278 141278 141278 141278 141278 141278 141278 141278 141278 141278 141278 141278 141278 141278 141278 141278 141278 141278 141278 141278 141278 141278 141278 141278 141278 141278 141278 141278
137047 139662 140607 140607 140607 140778 140778 140778 140778 140778 140778 140778 140778 140778 140778 140778 140778 140778 140778 140778 140778 140778 140778 140778 140778 140778 140778 140778 140778 140778 140778 140778 140778 140778 140778 140778 140778 140778 140778 140778
139278 140423 140423 140423 141278 141278 141278 141278 141278 141278 141278 141278 141278 141278 141278 141278 141278 141278 141278 141278 141278 141278 141278 141278 141278 141278 141278 141278 141278 141278 141278 141278 141278 141278 141278 141278 141278 141278 141278 141278
137637 140378 141168 141168 141278 141278 141278 141278 141278 141278 141278 141278 141278 141278 141278 141278 141278 141278 141278 141278 141278 141278 141278 141278 141278 141278 141278 141278 141278 141278 141278 141278 141278 141278 141278 141278 141278 141278 141278 141278
138498 139412 140607 141278 141278 141278 141278 141278 141278 141278 141278 141278 141278 141278 141278 141278 141278 141278 141278 141278 141278 141278 141278 141278 141278 141278 141278 141278 141278 141278 141278 141278 141278 141278 141278 141278 141278 141278 141278 141278
136713 140668 140668 140668 140668 140778 140778 140778 140778 140778 140778 140778 140778 140778 140778 140778 140778 140778 140778 140778 140778 140778 140778 140778 140778 140778 140778 140778 140778 140778 140778 140778 140778 140778 140778 140778 140778 140778 140778 140778
136683 139662 140538 140668 140778 140778 140778 140778 140778 140778 140778 140778 140778 140778 140778 140778 140778 140778 140778 140778 140778 140778 140778 140778 140778 140778 140778 140778 140778 140778 140778 140778 140778 140778 140778 140778 140778 140778 140778 140778
137883 140543 140778 140778 140778 140778 140778 140778 140778 140778 140778 140778 140778 140778 140778 140778 140778 140778 140778 140778 140778 140778 140778 140778 140778 140778 140778 140778 140778 140778 140778 140778 140778 140778 140778 140778 140778 140778 140778 140778
134877 139658 141137 141137 141278 141278 141278 141278 141278 141278 141278 141278 141278 141278 141278 141278 141278 141278 141278 141278 141278 141278 141278 141278 141278 141278 141278 141278 141278 141278 141278 141278 141278 141278 141278 141278 141278 141278 141278 141278
135087 138672 140668 140668 140668 140778 140778 140778 140778 140778 140778 140778 140778 140778 140778 140778 140778 140778 140778 140778 140778 140778 140778 140778 140778 140778 140778 140778 140778 140778 140778 140778 140778 140778 140778 140778 140778 140778 140778 140778
137655 140458 140458 141278 141278 141278 141278 141278 141278 141278 141278 141278 141278 141278 141278 141278 141278 141278 141278 141278 141278 141278 141278 141278 141278 141278 141278 141278 141278 141278 141278 141278 141278 141278 141278 141278 141278 141278 141278 141278
137545 140297 140297 140407 140527 140527 140527 140527 140527 140538 140538 140538 140538 140668 140668 140778 140778 140778 140778 140778 140778 140778 140778 140778 140778 140778 140778 140778 140778 140778 140778 140778 140778 140778 140778 140778 140778 140778 140778 140778
139003 140128 141278 141278 141278 141278 141278 141278 141278 141278 141278 141278 141278 141278 141278 141278 141278 141278 141278 141278 141278 141278 141278 141278 141278 141278 141278 141278 141278 141278 141278 141278 141278 141278 141278 141278 141278 141278 141278 141278
139558 140527 140538 140538 140538 140538 140538 140786 140786 140786 140786 140786 140786 140786 140786 140786 140786 140786 140786 140786 140786 140786 140786 140786 140786 140786 140786 140786 140786 140786 140786 140786 140786 140786 140786 140786 140786 140786 140786 140786
136482 139538 141148 141247 141258 141278 141278 141278 141278 141278 141278 141278 141278 141278 141278 141278 141278 141278 141278 141278 141278 141278 141278 141278 141278 141278 141278 141278 141278 141278 141278 141278 141278 141278 141278 141278 141278 141278 141278 141278
137718 139543 140668 141137 141247 141247 141247 141278 141278 141278 141278 141278 141278 141278 141278 141278 141278 141278 141278 141278 141278 141278 141278 141278 141278 141278 141278 141278 141278 141278 141278 141278 141278 141278 141278 141278 141278 141278 141278 141278
139273 141098 141098 141258 141258 141258 141258 141258 141258 141258 141278 141278 141278 141278 141278 141278 141278 141278 141278 141278 141278 141278 141278 141278 141278 141278 141278 141278 141278 141278 141278 141278 141278 141278 141278 141278 141278 141278 141278 141278
140187 141148 141258 141258 141258 141278 141278 141278 141278 141278 141278 141278 141278 141278 141278 141278 141278 141278 141278 141278 141278 141278 141278 141278 141278 141278 141278 141278 141278 141278 141278 141278 141278 141278 141278 141278 141278 141278 141278 141278
139328 140328 140328 140607 140607 140607 140607 140607 140618 140618 140618 140618 140618 140618 140618 140618 140778 140778 140778 140778 140778 140778 140778 140778 140778 140778 140778 140778 140778 140778 140778 140778 140778 140778 140778 140778 140778 140778 140778 140778
139277 140168 140458 140988 141098 141278 141278 141278 141278 141278 141278 141278 141278 141278 141278 141278 141278 141278 141278 141278 141278 141278 141278 141278 141278 141278 141278 141278 141278 141278 141278 141278 141278 141278 141278 141278 141278 141278 141278 141278
138047 139998 141278 141278 141278 141278 141278 141278 141278 141278 141278 141278 141278 141278 141278 141278 141278 141278 141278 141278 141278 141278 141278 141278 141278 141278 141278 141278 141278 141278 141278 141278 141278 141278 141278 141278 141278 141278 141278 141278
137723 139877 141148 141278 141278 141278 141278 141278 141278 141278 141278 141278 141278 141278 141278 141278 141278 141278 141278 141278 141278 141278 141278 141278 141278 141278 141278 141278 141278 141278 141278 141278 141278 141278 141278 141278 141278 141278 141278 141278
139548 140391 140391 140391 140391 140391 140391 140391 140391 140391 140391 140391 140391 140391 140391 140391 140391 140391 140391 140391 140391 140391 140658 140658 140658 140658 140658 140658 141258 141278 141278 141278 141278 141278 141278 141278 141278 141278 141278 141278
139488 139998 141258 141258 141258 141278 141278 141278 141278 141278 141278 141278 141278 141278 141278 141278 141278 141278 141278 141278 141278 141278 141278 141278 141278 141278 141278 141278 141278 141278 141278 141278 141278 141278 141278 141278 141278 141278 141278 141278
139187 140532 140532 140532 140532 140532 140543 140543 140543 140543 140543 140543 140543 140543 140543 140543 140543 140543 140543 140543 140543 140543 140543 140543 140543 140543 140543 140543 140543 140543 140543 140543 140543 140543 140543 140543 140543 140543 140543 140543
139998 140543 140618 140618 140618 140618 140618 140618 140618 140618 140618 140618 140618 140618 141278 141278 141278 141278 141278 141278 141278 141278 141278 141278 141278 141278 141278 141278 141278 141278 141278 141278 141278 141278 141278 141278 141278 141278 141278 141278
139108 140618 140988 140988 141098 141148 141278 141278 141278 141278 141278 141278 141278 141278 141278 141278 141278 141278 141278 141278 141278 141278 141278 141278 141278 141278 141278 141278 141278 141278 141278 141278 141278 141278 141278 141278 141278 141278 141278 141278

BPSO2 Results:
138148 139928 140263 140263 140263 141098 141098 141098 141098 141098 141098 141098 141098 141098 141098 141098 141098 141098 141098 141098 141098 141098 141098 141098 141098 141098 141098 141098 141098 141098 141098 141098 141098 141098 141098 141098 141098 141098 141098 141098
139148 139148 141247 141247 141247 141247 141247 141247 141247 141247 141247 141278 141278 141278 141278 141278 141278 141278 141278 141278 141278 141278 141278 141278 141278 141278 141278 141278 141278 141278 141278 141278 141278 141278 141278 141278 141278 141278 141278 141278
137527 139783 140786 140786 140786 141278 141278 141278 141278 141278 141278 141278 141278 141278 141278 141278 141278 141278 141278 141278 141278 141278 141278 141278 141278 141278 141278 141278 141278 141278 141278 141278 141278 141278 141278 141278 141278 141278 141278 141278
138183 138183 139558 140383 140383 140383 140383 140383 140668 140668 140668 140668 140668 140668 140668 140778 140778 140778 140778 140778 140778 140778 140778 140778 140778 140778 140778 140778 140778 140778 140778 140778 140778 140778 140778 140778 140778 140778 140778 140778
137233 139131 139662 139772 139772 140263 140263 140263 140263 140263 140263 140263 140263 140263 140263 140263 140263 140263 140263 140263 140263 140263 140263 140263 140263 140263 140263 140263 140263 140423 140423 140423 140423 140423 140423 140423 140423 140423 140423 140423
137712 138998 141278 141278 141278 141278 141278 141278 141278 141278 141278 141278 141278 141278 141278 141278 141278 141278 141278 141278 141278 141278 141278 141278 141278 141278 141278 141278 141278 141278 141278 141278 141278 141278 141278 141278 141278 141278 141278 141278
139807 140137 140328 140328 140328 140328 140328 140328 140328 140328 140367 140367 140367 140477 140477 140477 140477 140477 140477 140543 140543 140543 140543 140543 140543 140543 140543 140543 140543 140543 140543 140543 140543 140543 140543 140543 140543 140543 140543 140543
137040 139862 140297 140297 140532 140532 140607 141278 141278 141278 141278 141278 141278 141278 141278 141278 141278 141278 141278 141278 141278 141278 141278 141278 141278 141278 141278 141278 141278 141278 141278 141278 141278 141278 141278 141278 141278 141278 141278 141278
139618 140778 140778 140778 140778 140778 140778 140778 140778 140778 140778 140778 140778 140778 140778 140778 140778 140778 140778 140778 140778 140778 140778 140778 140778 140778 140778 140778 140778 140778 140778 140778 140778 140778 140778 140778 140778 140778 140778 140778
139313 139367 140407 140407 140407 140407 140407 140407 140407 140458 140458 140458 140458 140458 140458 140458 140458 140458 140458 140458 140458 140458 140458 140458 140458 140458 140458 140458 140458 140458 140458 140458 140458 140458 140458 140458 140458 140458 140458 140458
138958 139527 139862 139948 139948 140068 140607 140607 140607 140607 140607 140607 140607 140607 140607 140768 140768 141247 141247 141247 141247 141278 141278 141278 141278 141278 141278 141278 141278 141278 141278 141278 141278 141278 141278 141278 141278 141278 141278 141278
136773 139128 139422 139448 139927 139927 140423 140423 140423 140423 140423 140423 140423 140423 141278 141278 141278 141278 141278 141278 141278 141278 141278 141278 141278 141278 141278 141278 141278 141278 141278 141278 141278 141278 141278 141278 141278 141278 141278 141278
137853 140258 140258 140407 140407 140407 140407 140407 140407 140407 140407 140407 140407 140407 140407 140407 140407 140407 140407 140407 140407 140407 140407 140407 140407 140407 140407 140407 140407 140407 140407 140407 140407 140407 140407 140407 140407 140407 140407 140407
137395 138720 140768 141258 141258 141258 141258 141258 141278 141278 141278 141278 141278 141278 141278 141278 141278 141278 141278 141278 141278 141278 141278 141278 141278 141278 141278 141278 141278 141278 141278 141278 141278 141278 141278 141278 141278 141278 141278 141278
137397 139643 139643 139643 139643 139792 139902 139987 140097 140097 140778 140778 140778 140778 140778 140778 140778 140778 141137 141137 141137 141137 141137 141137 141137 141137 141137 141137 141137 141137 141137 141137 141137 141137 141137 141137 141137 141137 141137 141137
138388 138977 139273 140607 140618 140618 140618 140618 140618 140618 140618 140618 140618 140618 140618 140618 140618 140618 140618 140618 140618 140618 140618 140618 140618 140618 140618 140618 140618 140618 140618 140618 140618 140618 140618 140618 140618 140618 140618 140618
136521 137998 139388 139643 139933 139933 139933 140328 140328 140328 140328 140328 140328 140328 140328 140328 140328 140328 140328 140328 140328 140328 140328 140328 140328 140328 140328 140328 140328 140328 140328 140328 140328 140328 140328 140328 140328 140328 140328 140328
135807 140407 140407 140407 140668 140668 140778 140778 140778 140778 140778 140778 140778 140778 140778 140778 140778 140778 140778 140778 140778 140778 140778 140778 140778 140778 140778 140778 140778 140778 140778 140778 140778 140778 140778 140778 140778 140778 140778 140778
136948 140538 140658 141278 141278 141278 141278 141278 141278 141278 141278 141278 141278 141278 141278 141278 141278 141278 141278 141278 141278 141278 141278 141278 141278 141278 141278 141278 141278 141278 141278 141278 141278 141278 141278 141278 141278 141278 141278 141278
138621 139443 140768 140768 141247 141247 141247 141247 141247 141247 141247 141247 141247 141247 141247 141247 141247 141247 141247 141247 141247 141247 141247 141247 141247 141247 141247 141247 141247 141247 141247 141247 141247 141247 141247 141247 141247 141247 141247 141247
140668 140668 140668 140668 140778 140778 140778 140778 140778 140778 140778 140778 140778 140778 140778 140778 140778 140778 140778 140778 140778 140778 140778 140778 140778 140778 140778 140778 140778 140778 140778 140778 140778 140778 140778 140778 140778 140778 140778 140778
140207 140207 140328 140328 140328 140328 140328 140328 140328 140328 140348 140458 140458 140458 140458 140458 140458 140458 140458 140458 141278 141278 141278 141278 141278 141278 141278 141278 141278 141278 141278 141278 141278 141278 141278 141278 141278 141278 141278 141278
136822 139338 139668 139828 140988 140988 141278 141278 141278 141278 141278 141278 141278 141278 141278 141278 141278 141278 141278 141278 141278 141278 141278 141278 141278 141278 141278 141278 141278 141278 141278 141278 141278 141278 141278 141278 141278 141278 141278 141278
136946 138723 138957 139187 140297 140297 140527 140527 141137 141137 141137 141137 141137 141137 141137 141137 141137 141137 141258 141258 141258 141258 141258 141258 141258 141258 141258 141258 141258 141258 141258 141258 141258 141258 141258 141258 141258 141258 141258 141258
136183 139192 139812 139812 139812 139812 139812 140407 140407 140407 140407 140407 140407 140407 140407 140407 140407 140407 140407 140407 140407 140407 140407 140407 140407 140407 140407 140407 140407 140407 140407 140407 140407 140407 140407 140407 140407 140407 140407 140407
137268 139428 141137 141168 141168 141278 141278 141278 141278 141278 141278 141278 141278 141278 141278 141278 141278 141278 141278 141278 141278 141278 141278 141278 141278 141278 141278 141278 141278 141278 141278 141278 141278 141278 141278 141278 141278 141278 141278 141278
137852 139437 140532 140532 140532 140532 140532 140532 140532 140532 140532 140532 140532 140532 140532 140532 140532 140532 140532 140532 140532 140532 140532 140532 140532 140532 140532 140532 140532 140532 140532 140532 140532 140532 140532 140532 140532 140532 140532 140532
135501 139543 139972 139972 139972 139972 139972 139972 140317 140317 140317 140317 140317 140477 140477 140477 140477 140477 140477 140477 140477 140477 140477 140477 140477 140477 140477 140477 140477 140477 140477 140477 140477 140477 140477 140477 140477 140477 140477 140477
137347 140333 140333 141148 141278 141278 141278 141278 141278 141278 141278 141278 141278 141278 141278 141278 141278 141278 141278 141278 141278 141278 141278 141278 141278 141278 141278 141278 141278 141278 141278 141278 141278 141278 141278 141278 141278 141278 141278 141278
136053 139333 141258 141258 141258 141258 141258 141258 141258 141258 141258 141258 141258 141258 141258 141258 141258 141258 141258 141258 141258 141258 141258 141258 141258 141258 141258 141258 141258 141258 141258 141258 141258 141258 141258 141258 141258 141258 141258 141258

GA2 Results:
138098 139922 140618 140618 140618 140618 140618 140618 140618 140618 140618 140618 140618 140618 140618 140618 140618 140618 140618 140618 140618 140618 140618 140618 140618 140618 140618 140618 140618 140618 140618 140618 140618 140618 140618 140618 140618 140618 140618 140618
134870 136501 140407 140407 140618 140618 140618 140618 140618 140618 140778 140778 140778 140778 140778 140778 140778 140778 140778 140778 140778 140778 140778 140778 140778 140778 140778 140778 140778 140778 140778 140778 140778 140778 140778 140778 140778 140778 140778 140778
137927 138792 138792 138792 139972 140132 140532 140532 140543 140543 140543 140543 140543 140778 140778 140778 140778 140778 140778 140778 140778 140778 140778 140778 140778 140778 140778 140778 140778 140778 140778 140778 140778 140778 140778 140778 140778 140778 140778 140778
138362 138982 139797 140477 140477 141258 141278 141278 141278 141278 141278 141278 141278 141278 141278 141278 141278 141278 141278 141278 141278 141278 141278 141278 141278 141278 141278 141278 141278 141278 141278 141278 141278 141278 141278 141278 141278 141278 141278 141278
130459 138217 140317 140568 140618 140618 140618 140618 140618 140618 140618 140618 140618 141258 141258 141258 141258 141258 141258 141258 141258 141258 141258 141278 141278 141278 141278 141278 141278 141278 141278 141278 141278 141278 141278 141278 141278 141278 141278 141278
132209 132435 132435 138792 139922 139922 139922 139972 139972 140477 141247 141247 141278 141278 141278 141278 141278 141278 141278 141278 141278 141278 141278 141278 141278 141278 141278 141278 141278 141278 141278 141278 141278 141278 141278 141278 141278 141278 141278 141278
136270 136731 138977 139236 140778 140778 140778 140778 140778 140778 140778 140778 140778 140778 140778 140778 140778 140778 140778 140778 140778 140778 140778 140778 140778 140778 140778 140778 140778 140778 140778 140778 140778 140778 140778 140778 140778 140778 140778 140778
130612 138607 138607 138977 138977 138977 138977 138977 138977 141247 141247 141258 141258 141258 141258 141278 141278 141278 141278 141278 141278 141278 141278 141278 141278 141278 141278 141278 141278 141278 141278 141278 141278 141278 141278 141278 141278 141278 141278 141278
137147 137898 139187 140207 140317 140607 141278 141278 141278 141278 141278 141278 141278 141278 141278 141278 141278 141278 141278 141278 141278 141278 141278 141278 141278 141278 141278 141278 141278 141278 141278 141278 141278 141278 141278 141278 141278 141278 141278 141278
138328 138621 139637 139773 140477 140607 140607 140607 141278 141278 141278 141278 141278 141278 141278 141278 141278 141278 141278 141278 141278 141278 141278 141278 141278 141278 141278 141278 141278 141278 141278 141278 141278 141278 141278 141278 141278 141278 141278 141278
136012 138552 140317 140317 140317 141247 141247 141278 141278 141278 141278 141278 141278 141278 141278 141278 141278 141278 141278 141278 141278 141278 141278 141278 141278 141278 141278 141278 141278 141278 141278 141278 141278 141278 141278 141278 141278 141278 141278 141278
134697 139098 139933 139933 140383 140532 140543 140543 140543 140543 140543 140543 140543 140543 140543 140543 140543 140543 140543 140543 140543 140543 140543 140543 140543 140543 140543 140543 140543 140543 140543 140543 140543 140543 140543 140543 140543 140543 140543 140543
138817 138867 139648 140618 140618 140618 140618 141258 141258 141258 141258 141258 141258 141258 141258 141278 141278 141278 141278 141278 141278 141278 141278 141278 141278 141278 141278 141278 141278 141278 141278 141278 141278 141278 141278 141278 141278 141278 141278 141278
130696 139087 139998 140258 140317 140477 140477 140477 140477 140477 140477 140477 140477 140477 140477 140477 140477 140477 140477 140477 140477 140477 140477 140618 140618 140618 140618 140618 140618 140618 140618 140618 140618 140618 140618 140618 140618 140618 140618 140618
126859 137957 140317 140317 140407 141247 141278 141278 141278 141278 141278 141278 141278 141278 141278 141278 141278 141278 141278 141278 141278 141278 141278 141278 141278 141278 141278 141278 141278 141278 141278 141278 141278 141278 141278 141278 141278 141278 141278 141278
135417 137477 139497 139972 140568 140568 140618 140618 140618 140778 140778 140778 140778 140778 140778 140778 140778 140778 140778 140778 140778 140778 140778 140778 140778 140778 140778 140778 140778 140778 140778 140778 140778 140778 140778 140778 140778 140778 140778 140778
135662 136917 139778 140607 140607 141278 141278 141278 141278 141278 141278 141278 141278 141278 141278 141278 141278 141278 141278 141278 141278 141278 141278 141278 141278 141278 141278 141278 141278 141278 141278 141278 141278 141278 141278 141278 141278 141278 141278 141278
134905 139933 139933 141258 141278 141278 141278 141278 141278 141278 141278 141278 141278 141278 141278 141278 141278 141278 141278 141278 141278 141278 141278 141278 141278 141278 141278 141278 141278 141278 141278 141278 141278 141278 141278 141278 141278 141278 141278 141278
135378 139498 140317 140328 140477 140477 140477 140477 140477 140477 140477 140477 140477 140477 140477 140477 140538 140538 140538 140538 140786 140786 140786 140786 140786 140786 140786 140786 140786 140786 140786 140786 140786 140786 140786 140786 140786 140786 140786 140786
139902 139902 139902 140477 140477 140543 140618 140618 140618 140618 140618 140618 140778 140778 141278 141278 141278 141278 141278 141278 141278 141278 141278 141278 141278 141278 141278 141278 141278 141278 141278 141278 141278 141278 141278 141278 141278 141278 141278 141278
131379 138367 139187 139477 139797 139797 139797 139817 139817 140607 141247 141247 141278 141278 141278 141278 141278 141278 141278 141278 141278 141278 141278 141278 141278 141278 141278 141278 141278 141278 141278 141278 141278 141278 141278 141278 141278 141278 141278 141278
135642 140317 140477 140477 140477 140477 140477 140477 140477 140477 140477 140477 140477 140477 140477 140527 140538 140538 140538 140538 140538 140538 140538 140538 140538 140538 140538 140538 140538 140538 140538 140778 140778 140778 140778 140778 140778 140778 140778 140778
135767 138472 139558 139647 140618 140618 140618 141278 141278 141278 141278 141278 141278 141278 141278 141278 141278 141278 141278 141278 141278 141278 141278 141278 141278 141278 141278 141278 141278 141278 141278 141278 141278 141278 141278 141278 141278 141278 141278 141278
137752 139477 140297 140317 140477 140477 141098 141278 141278 141278 141278 141278 141278 141278 141278 141278 141278 141278 141278 141278 141278 141278 141278 141278 141278 141278 141278 141278 141278 141278 141278 141278 141278 141278 141278 141278 141278 141278 141278 141278
137987 139647 139647 140367 140477 140477 140477 140607 140607 140618 140618 140618 140618 140618 140618 140618 140618 140618 140618 140618 140618 140618 140618 140618 140618 140618 140618 140618 140618 140618 140618 140618 140618 140618 140618 140618 140618 140618 140618 140618
140328 140477 140477 140477 140477 140477 140477 140477 140477 140477 140607 140607 140607 140607 140607 140618 140618 140618 140618 140618 140618 140618 140618 140618 140618 140618 140618 140618 140618 140618 140618 140618 140618 140618 140618 140618 140618 140618 140618 140618
133877 138147 139972 140618 140618 140618 140618 140618 140618 140618 140618 140618 140618 140618 140618 140618 140618 140618 140618 140618 140618 140618 140618 140618 140618 140618 140618 140618 140618 140618 140618 140618 140618 140618 140618 140618 140618 140618 140618 140618
136545 137672 139115 139477 140317 140607 140607 140607 140618 140618 140618 140618 140618 140618 140618 140618 140618 141168 141278 141278 141278 141278 141278 141278 141278 141278 141278 141278 141278 141278 141278 141278 141278 141278 141278 141278 141278 141278 141278 141278
135338 137582 138797 138977 140258 140477 140477 140477 140477 140477 140477 140477 140477 140607 140607 140618 140618 140618 140618 140618 140618 140618 141258 141278 141278 141278 141278 141278 141278 141278 141278 141278 141278 141278 141278 141278 141278 141278 141278 141278
135968 139477 140477 140618 140618 141258 141278 141278 141278 141278 141278 141278 141278 141278 141278 141278 141278 141278 141278 141278 141278 141278 141278 141278 141278 141278 141278 141278 141278 141278 141278 141278 141278 141278 141278 141278 141278 141278 141278 141278

BPSO3 Results:
139558 139558 139558 140607 140607 141168 141168 141168 141168 141168 141168 141168 141168 141278 141278 141278 141278 141278 141278 141278 141278 141278 141278 141278 141278 141278 141278 141278 141278 141278 141278 141278 141278 141278 141278 141278 141278 141278 141278 141278
133393 136148 138053 138053 138053 138703 139823 139823 140313 140313 140313 140313 140313 140313 140313 140313 140313 140378 140378 140378 140378 140378 140378 140378 140378 140378 140378 140378 140378 140378 140378 140378 140458 140458 140497 140497 140497 140497 140497 140497
135273 138820 139067 139067 139687 140658 140988 140988 141278 141278 141278 141278 141278 141278 141278 141278 141278 141278 141278 141278 141278 141278 141278 141278 141278 141278 141278 141278 141278 141278 141278 141278 141278 141278 141278 141278 141278 141278 141278 141278
130696 137312 137647 139367 139718 139718 141258 141258 141258 141258 141258 141258 141258 141258 141258 141258 141258 141258 141258 141258 141258 141258 141258 141258 141258 141258 141258 141258 141258 141258 141258 141258 141258 141258 141258 141258 141258 141258 141258 141258
136692 137148 138967 139648 140497 140497 140497 140497 140497 140497 140497 140497 140497 140497 140497 140497 140497 140497 140618 140618 140618 140618 140618 140618 140618 140618 140618 140618 140618 140618 140618 140618 140618 140618 140618 140618 140618 140618 140618 140618
138273 139482 139482 139482 139713 140143 140143 140143 140143 140143 140143 140543 140543 140618 140618 140618 140618 140618 140618 140618 140618 140618 140618 140768 140768 140768 140768 140768 140768 140768 140768 140768 140768 140768 140768 140768 140768 140768 140768 140768
133571 138908 141168 141168 141168 141168 141168 141168 141168 141168 141168 141168 141168 141168 141168 141168 141168 141168 141168 141168 141168 141168 141168 141168 141168 141168 141278 141278 141278 141278 141278 141278 141278 141278 141278 141278 141278 141278 141278 141278
138456 139166 139166 139276 139276 139276 139276 139276 139276 139276 139878 140607 140607 140607 140607 140607 140607 140607 140607 140607 140607 140607 140607 140607 140607 140607 140607 140607 140607 140607 140607 140607 140607 140607 140607 140607 140607 140607 140607 140607
134773 137068 138087 141247 141247 141247 141247 141247 141247 141247 141247 141247 141247 141258 141258 141258 141258 141258 141258 141258 141258 141258 141258 141258 141258 141258 141258 141258 141258 141258 141258 141258 141258 141258 141258 141258 141258 141258 141258 141258
137263 137936 141148 141148 141148 141148 141148 141148 141148 141148 141148 141148 141148 141148 141148 141148 141148 141148 141148 141148 141148 141148 141148 141148 141148 141148 141148 141148 141148 141148 141148 141148 141148 141148 141148 141148 141148 141148 141148 141148
137970 138477 138477 139987 139987 141098 141098 141098 141258 141258 141258 141258 141258 141258 141258 141258 141258 141258 141258 141258 141258 141258 141258 141258 141258 141258 141258 141258 141258 141258 141258 141258 141258 141258 141258 141258 141258 141258 141258 141258
136003 138388 138988 138988 140618 140618 140618 140618 140618 140768 140768 140768 140768 140768 140768 140768 140768 140768 140768 140768 140768 140768 140768 140768 140768 140768 140768 140778 140778 140778 140778 140778 140778 140778 140778 140778 140778 140778 140778 140778
136857 136857 138457 138508 138508 139566 139566 139566 139566 139566 139566 139566 140768 140768 140768 140768 140768 140768 140768 140768 140768 140768 141098 141098 141098 141098 141098 141098 141098 141098 141098 141098 141098 141098 141098 141098 141098 141098 141098 141098
137117 138257 138495 138495 138495 138958 138958 139508 140988 140988 140988 140988 140988 140988 140988 140988 140988 140988 140988 141168 141168 141168 141168 141168 141168 141168 141168 141168 141168 141168 141168 141168 141168 141168 141168 141168 141168 141168 141168 141168
137495 140076 140076 140076 140076 140076 140076 140076 140076 140076 140076 140076 140076 140076 140076 140076 140076 140076 140076 140076 140076 140076 140076 140076 140076 140076 140076 140076 140076 140328 140328 140328 140328 140328 140328 140328 140328 140328 140328 140328
137480 138072 139320 139320 139320 139320 139637 140527 140527 140527 140527 140527 140527 140527 140527 140527 140527 140527 140527 140527 140527 140527 140527 140527 140527 140527 140527 140527 140527 140527 140527 140527 140527 140527 140527 140527 140527 140527 140527 140527
138467 138605 138628 140668 140668 140778 140778 140778 140778 140778 140778 140778 140778 141247 141247 141247 141247 141247 141247 141247 141247 141247 141247 141247 141247 141247 141247 141247 141247 141247 141247 141247 141247 141247 141247 141247 141247 141247 141247 141247
139998 140108 140108 140108 140108 140618 140658 141137 141247 141247 141247 141247 141247 141247 141247 141247 141247 141247 141247 141247 141247 141247 141247 141247 141247 141247 141247 141247 141247 141247 141247 141247 141247 141247 141247 141247 141247 141247 141247 141247
136455 136455 140317 140317 140317 140317 140317 140317 140317 140317 140317 140317 140317 140317 140317 140317 140317 140317 140317 140317 140317 140317 140317 140317 140317 140317 141247 141247 141247 141247 141247 141247 141247 141247 141247 141247 141247 141247 141247 141247
136910 136910 136976 138325 138325 138325 138325 138661 139333 139333 139888 139987 140348 140348 140348 140348 140658 140658 140658 140658 140658 140658 140658 140658 140658 140658 140658 140658 140658 140658 140658 140658 141258 141258 141258 141258 141258 141258 141258 141258
138338 138338 139632 139632 139632 139632 139632 140317 140317 140458 140508 140508 140508 140508 140508 140508 140508 140508 140508 140508 140508 141168 141168 141168 141168 141168 141168 141168 141168 141168 141168 141168 141168 141168 141168 141168 141168 141168 141278 141278
136648 138757 139422 139797 140527 140527 141168 141168 141168 141168 141168 141168 141168 141168 141168 141168 141168 141168 141168 141168 141168 141168 141168 141168 141168 141168 141168 141168 141168 141168 141168 141168 141168 141168 141168 141168 141168 141168 141168 141168
137322 137395 138487 138526 138526 140607 140607 140607 140618 140618 140618 140618 140618 140618 140618 140618 140618 140618 140618 140618 140618 140618 140618 140618 140618 140618 140618 140618 140618 140618 140618 140618 140618 140618 140618 140618 140618 140618 140618 141258
133788 137038 138537 140053 140053 140532 140532 140532 140532 140532 140532 140532 140532 140532 140532 140532 140532 140532 140532 140532 140532 140532 140532 140532 140532 140532 140532 140532 140532 140532 140532 140532 140532 140532 140532 140532 140532 140532 140532 140532
137862 139412 139532 139927 140037 140668 140668 140668 140668 140768 140768 140768 140768 140768 140768 140768 140768 141278 141278 141278 141278 141278 141278 141278 141278 141278 141278 141278 141278 141278 141278 141278 141278 141278 141278 141278 141278 141278 141278 141278
136928 138268 138718 140778 140778 140778 140778 140778 140778 140778 140778 140778 140778 140778 140778 140778 140778 140778 140778 140778 141258 141258 141258 141258 141258 141258 141258 141258 141258 141258 141258 141258 141258 141258 141258 141258 141258 141258 141258 141258
134487 136928 137985 138608 138675 138908 138908 138908 139277 140988 140988 140988 140988 140988 140988 140988 140988 140988 140988 140988 140988 140988 140988 140988 140988 140988 140988 140988 141278 141278 141278 141278 141278 141278 141278 141278 141278 141278 141278 141278
135728 136428 138307 139493 139493 140532 140532 140532 140532 140532 140532 140532 140532 140532 140532 140532 140532 140532 140532 140532 140532 140532 140532 140532 140532 140532 140532 140532 140532 140532 140532 140532 140532 140532 140532 140532 140532 140532 140532 140532
137955 138006 139315 139396 139396 139396 139396 140378 140378 141148 141148 141148 141148 141148 141148 141148 141148 141148 141148 141148 141148 141148 141258 141258 141258 141258 141258 141258 141258 141258 141258 141258 141258 141258 141258 141258 141258 141258 141258 141258
137087 139165 139165 139165 139165 139165 139165 139165 139728 139728 139728 140786 140786 140786 140786 140786 140786 140786 140786 140786 140786 140786 140786 140786 140786 140786 140786 140786 140786 140786 140786 140786 140786 140786 140786 140786 140786 140786 140786 140786

GA3 Results:
136388 137888 139387 139948 140477 141278 141278 141278 141278 141278 141278 141278 141278 141278 141278 141278 141278 141278 141278 141278 141278 141278 141278 141278 141278 141278 141278 141278 141278 141278 141278 141278 141278 141278 141278 141278 141278 141278 141278 141278
138938 140786 140786 140786 140786 140786 140786 140786 140786 140786 140786 141148 141148 141148 141148 141148 141148 141148 141148 141148 141148 141258 141258 141258 141278 141278 141278 141278 141278 141278 141278 141278 141278 141278 141278 141278 141278 141278 141278 141278
135435 139142 140477 140477 140477 140477 140477 141247 141278 141278 141278 141278 141278 141278 141278 141278 141278 141278 141278 141278 141278 141278 141278 141278 141278 141278 141278 141278 141278 141278 141278 141278 141278 141278 141278 141278 141278 141278 141278 141278
136660 140497 141247 141247 141247 141247 141247 141258 141278 141278 141278 141278 141278 141278 141278 141278 141278 141278 141278 141278 141278 141278 141278 141278 141278 141278 141278 141278 141278 141278 141278 141278 141278 141278 141278 141278 141278 141278 141278 141278
136818 140143 141247 141247 141278 141278 141278 141278 141278 141278 141278 141278 141278 141278 141278 141278 141278 141278 141278 141278 141278 141278 141278 141278 141278 141278 141278 141278 141278 141278 141278 141278 141278 141278 141278 141278 141278 141278 141278 141278
138263 140497 141168 141168 141168 141168 141168 141168 141168 141278 141278 141278 141278 141278 141278 141278 141278 141278 141278 141278 141278 141278 141278 141278 141278 141278 141278 141278 141278 141278 141278 141278 141278 141278 141278 141278 141278 141278 141278 141278
138941 141168 141168 141278 141278 141278 141278 141278 141278 141278 141278 141278 141278 141278 141278 141278 141278 141278 141278 141278 141278 141278 141278 141278 141278 141278 141278 141278 141278 141278 141278 141278 141278 141278 141278 141278 141278 141278 141278 141278
137945 139315 141137 141137 141247 141247 141278 141278 141278 141278 141278 141278 141278 141278 141278 141278 141278 141278 141278 141278 141278 141278 141278 141278 141278 141278 141278 141278 141278 141278 141278 141278 141278 141278 141278 141278 141278 141278 141278 141278
136246 140458 140458 140568 140568 140618 140618 141168 141168 141168 141168 141168 141168 141168 141278 141278 141278 141278 141278 141278 141278 141278 141278 141278 141278 141278 141278 141278 141278 141278 141278 141278 141278 141278 141278 141278 141278 141278 141278 141278
133541 139278 139938 140391 140768 140768 141098 141247 141278 141278 141278 141278 141278 141278 141278 141278 141278 141278 141278 141278 141278 141278 141278 141278 141278 141278 141278 141278 141278 141278 141278 141278 141278 141278 141278 141278 141278 141278 141278 141278
134777 139823 140132 140132 140132 140132 140532 140532 140532 140532 140543 140543 140543 141278 141278 141278 141278 141278 141278 141278 141278 141278 141278 141278 141278 141278 141278 141278 141278 141278 141278 141278 141278 141278 141278 141278 141278 141278 141278 141278
135131 139983 139983 139983 140532 140543 140543 140543 140543 140543 140543 140543 140543 140543 140543 140543 140543 140543 140543 140543 140543 140543 140543 140543 140543 140543 140543 140543 140543 140543 140543 140543 140543 140543 140543 140543 140543 140543 140543 140543
138496 141148 141148 141148 141148 141148 141258 141258 141258 141278 141278 141278 141278 141278 141278 141278 141278 141278 141278 141278 141278 141278 141278 141278 141278 141278 141278 141278 141278 141278 141278 141278 141278 141278 141278 141278 141278 141278 141278 141278
138210 140281 140607 140618 140618 140618 140618 140618 140618 140618 140618 140618 140618 140618 140618 140618 140618 140618 140618 140618 141258 141258 141258 141278 141278 141278 141278 141278 141278 141278 141278 141278 141278 141278 141278 141278 141278 141278 141278 141278
136148 140618 140618 140786 141278 141278 141278 141278 141278 141278 141278 141278 141278 141278 141278 141278 141278 141278 141278 141278 141278 141278 141278 141278 141278 141278 141278 141278 141278 141278 141278 141278 141278 141278 141278 141278 141278 141278 141278 141278
140132 140187 141247 141247 141247 141258 141258 141278 141278 141278 141278 141278 141278 141278 141278 141278 141278 141278 141278 141278 141278 141278 141278 141278 141278 141278 141278 141278 141278 141278 141278 141278 141278 141278 141278 141278 141278 141278 141278 141278
137935 139928 140538 140543 140543 140543 140543 140543 140543 140543 140543 140543 140543 140543 140543 140543 140543 140543 140543 140543 140543 140543 140543 140543 140543 140543 140543 140543 140543 140543 140543 140543 140543 140543 140543 140543 140543 140543 140543 140543
138928 139367 141137 141258 141278 141278 141278 141278 141278 141278 141278 141278 141278 141278 141278 141278 141278 141278 141278 141278 141278 141278 141278 141278 141278 141278 141278 141278 141278 141278 141278 141278 141278 141278 141278 141278 141278 141278 141278 141278
135786 139967 140668 140668 140668 140778 140778 140778 140778 140778 141168 141168 141168 141168 141278 141278 141278 141278 141278 141278 141278 141278 141278 141278 141278 141278 141278 141278 141278 141278 141278 141278 141278 141278 141278 141278 141278 141278 141278 141278
136657 139098 140328 140458 140607 140618 140618 140618 140618 140618 140618 140618 140618 141278 141278 141278 141278 141278 141278 141278 141278 141278 141278 141278 141278 141278 141278 141278 141278 141278 141278 141278 141278 141278 141278 141278 141278 141278 141278 141278
137763 139228 141258 141258 141278 141278 141278 141278 141278 141278 141278 141278 141278 141278 141278 141278 141278 141278 141278 141278 141278 141278 141278 141278 141278 141278 141278 141278 141278 141278 141278 141278 141278 141278 141278 141278 141278 141278 141278 141278
137018 139628 140532 140568 140568 140568 140568 140568 140618 140618 140618 140618 140618 140618 140618 140618 140618 140618 140618 141278 141278 141278 141278 141278 141278 141278 141278 141278 141278 141278 141278 141278 141278 141278 141278 141278 141278 141278 141278 141278
136017 139792 140383 140527 140532 140532 140607 140618 140618 140618 140618 140618 140618 140618 140618 140618 140618 140618 140618 140618 140618 140618 140618 140618 140618 140618 140618 140618 140778 141258 141258 141258 141258 141258 141278 141278 141278 141278 141278 141278
137427 140328 140328 141168 141168 141278 141278 141278 141278 141278 141278 141278 141278 141278 141278 141278 141278 141278 141278 141278 141278 141278 141278 141278 141278 141278 141278 141278 141278 141278 141278 141278 141278 141278 141278 141278 141278 141278 141278 141278
138597 139983 140391 140532 140543 140543 140543 140543 140543 140543 140543 140543 140543 140543 140543 140543 140543 140543 140543 140543 140543 140543 140543 140543 140543 140543 140543 140543 140543 140543 140543 140543 140543 140543 140543 140543 140543 140543 140543 140543
139768 141148 141148 141168 141168 141258 141278 141278 141278 141278 141278 141278 141278 141278 141278 141278 141278 141278 141278 141278 141278 141278 141278 141278 141278 141278 141278 141278 141278 141278 141278 141278 141278 141278 141278 141278 141278 141278 141278 141278
140097 140508 140508 140618 140618 141278 141278 141278 141278 141278 141278 141278 141278 141278 141278 141278 141278 141278 141278 141278 141278 141278 141278 141278 141278 141278 141278 141278 141278 141278 141278 141278 141278 141278 141278 141278 141278 141278 141278 141278
136547 139151 141258 141258 141258 141258 141278 141278 141278 141278 141278 141278 141278 141278 141278 141278 141278 141278 141278 141278 141278 141278 141278 141278 141278 141278 141278 141278 141278 141278 141278 141278 141278 141278 141278 141278 141278 141278 141278 141278
133707 138892 140218 141148 141148 141258 141258 141258 141278 141278 141278 141278 141278 141278 141278 141278 141278 141278 141278 141278 141278 141278 141278 141278 141278 141278 141278 141278 141278 141278 141278 141278 141278 141278 141278 141278 141278 141278 141278 141278
139412 140412 140412 141247 141278 141278 141278 141278 141278 141278 141278 141278 141278 141278 141278 141278 141278 141278 141278 141278 141278 141278 141278 141278 141278 141278 141278 141278 141278 141278 141278 141278 141278 141278 141278 141278 141278 141278 141278 141278

